8727205529880050840
-1648643922379805909
2679398586216914510
-8247445626840104831
-1851873212323855803
152407721147246698
-8451800910736778677
-4901908542030439948
-2038699575218814778
7864946675313091870
1692576519399145977
7907996443019962301
-3278987463557188219
-8030054976890573661
4056546120042425395
-6388971698231289603
-1874739053618809360
-3902662791263876100
6981885640215168024
7418243136503092406
390287606638390263
1948714725205385807
6906955845520477579
-8452678672377949613
-3593784979343138161
1650700340826734950
3586992029512890804
2340638828979257887
4571009804972237361
-1906540319756165585
-2815882650560689282
7939446942608131529
-6130962549628691109
-3539317880116735682
-6671747589319652329
-8657694963257411354
8995941303788219662
8309915173881374534
-7523687212197441678
8722731398317771119
5905812663618493774
-4743239653766331996
8297757030057199816
-2481356702189395905
-7430634120082388570
-6278264396443990316
-4098464227143438574
4972457420950509974
-5853859343150855775
1808774755321144057
4596280721593020817
-2004031496540009063
5878387201338706
9169584470736197721
1527520773500828743
-1858693409395529521
4007431395573664205
6763316853950291935
-729756646599472005
2780056183669363877
-1226791647742880341
-8218424946749220456
8840630021627335993
4394647910770995179
-6533976098107812470
-1769063869074371274
6357727582888145872
-8478248950735906987
-426691166401341301
-1144538959269627248
1083486544363222098
7371243364681874940
5386528779470882002
6237037874527009312
-3352925432554084841
-6668463589059586598
-2576319922327964662
5357463434674761091
-5533119586069970886
6903276639389632593
-6253838301568540706
3846848651415502845
-317200213816895974
9090839691717000869
-4011141884614877567
-732215217404512526
-6827999732064871461
3799903861125757565
2208326807259131687
8895345937119171182
-8450088678537020701
-3171630504060469658
-4957940819405613430
-7636840948861469282
3265377528553698909
5217884098782578256
-3841154453396223130
-3005028759676072107
-8657350077451427911
-2232487177154228209
-8430646742797520131
-7086414635928806776
5006199474634021674
-7819419079026576421
542229619888385427
-2577860766363578670
625361208347276326
5647161562428165328
-5699805998373571853
-8617920209611085583
8998262538307224042
-1667502963467423377
1408718258637962984
-8221265770903293113
-3346037501059343372
-1813237862818694117
719586145898237381
-3618778737950304678
-5790870337221468537
-7540411723381529699
-3968310533493020450
-3747021351105840812
-8176031948408684758
775746494112293793
909321669245305612
-3268742943041015165
-8340656519653445335
-212947885598001865
9217674759272736046
-6507275022668953638
-8044718184841143789
1738956011677718355
3390426150092909218
6777380579770974063
-8099577183608039878
-2212487635290380468
8723357375525490128
-6541536640372211717
4230301921916767542
4309957980479195489
8963666057136833695
6247342512919019869
4648098452613617250
-6158820908943253201
7793757296934219006
9172932965197745431
-8040849683397022370
6993750384547322428
-7716137464404784803
-3629387772507156785
-5193624132555262325
-4275025866451206032
1811449856633720113
-3849671797150141232
-8447823946633571438
3759941672674666647
-7591068751539865229
-7236377181219446649
-4421235221489743906
-3652331881034995488
-599094704955897566
-6632782170457397498
2949012425602575645
7885458096434979169
-6098859710105064004
1558247700301848964
2998426728093366210
6526040615617402000
7115352814166285257
7272705950857874906
7234917087323720582
-2802947351489441845
4092782897413285713
-7031144969607790841
-1309559328645783581
8188064357203092433
-2534044472507027360
-3396210563922141778
8618208445637850264
-3329775040947196601
-1129614973116964983
1785436256184760467
-8877528965481408984
148705744621448501
5345233057058828896
6788902813848331554
2554297696425226842
2444013373240373638
4239063940546942975
-9170098601582612504
7105296512102415546
-379029566337266293
4446264695935769986
-9174506149565768425
-2225569362416196841
-9121615276578528647
-4755470191973635445
3468035124908275974
6809832331215933955
-3636282368884410394
-5345857057851683394
1827291434562861231
3228010756834314582
2638216172240135248
-581816902211577530
-7816838881358058960
-4673130244773461844
8553405026075674006
-1871929465493909681
8202575826215007563
6239525282251398114
1251644437784004989
3312451369367723657
6101333451347340261
-335111813854842979
6696986918047041068
-1554426713265033556
7435740854357109386
-8760473752519289405
3412238819198493360
3174958023042039022
4570265991545522408
8968095064475980287
-6976291748779061383
-9080804370934200178
-6195264660670178737
-2299427882968185279
5228704622826671835
-7980520576584446131
7351934653480353336
-1204721347678456004
-6550355094277337714
3213082481338784240
4061443542624420027
-840206982904667929
8000760605452225327
-6442017978497705793
5328388174653213463
-1108951622126429443
521687992344449725
5338769408210636809
8545148726620054574
-1436017308707926660
8989662473493414684
-184699800861109090
1015936875485921542
2472026539311920426
2593076109237626773
1656070427729516627
-8340023891727145655
1915043672528631819
-6715773011915612076
5901094691080537730
-607747423048625211
-722412683168151060
-713407393916019991
-6625915619911094137
-1590168637308104979
-2026100177489616676
4368385384310479560
7984024459280714308
-4486472097943967401
-5028688831867291219
146951366624629193
2721116919059592862
2083013000847468093
2605700248269745272
6673099602987370664
1145447168720446461
-8436214910099723780
-5228526662266793706
7995580541141555078
4075863764668872912
6192685270934059671
-8846848449619610713
-4123076555225108890
-45094232033652729
6803134012496842804
7587547297184389391
-6887300238407553615
-654487791650568809
5181089044246148510
8005103357206975348
5674437841934749363
-1459120084421913862
-6846766816452282174
2424181707368752834
-1889519221281498085
-127241682979521620
4856120459512097586
-9177309079144170201
-3615131429728798081
-5543847922804799057
-1954993046036958555
-6766531794488824937
1463933686661447894
-4639927663916115448
-5454056129634866828
-4804842679626054072
2766506437224276220
2334639120670800191
-1571845370912436449
8732889836982371639
2381329794675351601
-5088769232130486301
7376664592585902278
-2523850374442141534
677032217324461978
6394970514513977092
-3401450171506347599
3465931030570421644
1097663549430461631
8540890874489425079
3861403354232028105
7689471757636100669
8295946913062703627
8371964906295165078
-4566121473610276836
-7645055011368850753
-3991800665135546544
8135366071307440189
1130331158654164829
-6926890333518371486
1453046033514635840
27449632002243534
-8251615727413308831
-5368714447998460104
-5456373373900384523
3693166760336783982
7745937713881107107
2885746173368895642
1981813925993568361
7598202992783611590
1962066683398668993
4828695116596320673
2406544841731569919
6350676101915532163
-7257720676379025668
4267953253898340014
1652025161141824248
-8784396353535193130
-8682587450119848516
-8223302639161015070
-2705826624349415169
4798153380999201780
-6988570374225143798
-4973652355012534618
-2409919365760233826
-4314188146987962985
6763538844666081813
4929405741453760549
8524332777084776646
-5930776690277067653
6603440788366285742
4589990074065413069
-4567821814990305717
-5599698358545641758
6582573521753293003
-7638500992823630126
4318315333081239654
8064975340443454993
6647339360630655495
4828363774841277867
7087800427237323569
-1990362617224234288
-8750569554363953888
-9160787043926134637
-5917775820355162578
1105018559110488558
-9062746475471565448
-3160372789085403127
815711967973270721
7980894270998966459
-6836591271180874603
6373566592925462864
1323538974969591473
258590071969137037
5286198396178164386
-8972800516692049168
5734017379960711339
8513362735318415419
4010566758496147179
-3367373136411381453
-8273533970952692545
-4410190980440953179
-8871988227852136347
8222792702321640105
5648450879411509985
-8015322015228514006
-3085516578379270621
2266421032182076580
-6904730752913266327
-706453967424795857
-5010850576356694046
-5581981351792513091
-435482224834792044
-735542158681840737
2230520422387889790
-805554366252798899
2850421743972912128
8333789463341132134
-9208350055586175877
7446984752779912949
2118239080358175028
-5176478708289597451
-2463799312535079299
7748098838986327319
2797122855400221206
-2810299032370553919
-9040441202501676080
5556312605021555034
1579610059182457971
-8525743274347020604
4171302336987199201
3047869231416260650
-330958210537312390
-1860737044729019141
1661398746332540354
-7190008421770425291
8375033483510797377
-4360832667934863130
-5917041296056374614
5710283093187836655
-3884909153716281793
-919286943701604341
-9124485675165227917
8062825307359381775
-354718546559458352
-5707650305476718734
8552735888904636187
-1278464379655409904
4322902268516277941
2246201141156952106
5683315894644192323
2250236941650431409
-5757660924247903087
6416163011754474435
-8896114143552007245
3455948067544396405
-2276560281332412563
1477980223159658707
7958068451931780052
3842022388752346148
-881920457335880140
5066103267813891953
3643535755725322804
6793036266229739336
-4019233443418467016
-9162734163272237635
-1647263482180475898
-758108867132421455
-3055480350954854741
363928844457090134
5319990102150567583
7747728427938245618
3467333451162807079
-7199623908428948766
6977902331010072570
-7456011978344598559
1843138396454683175
6501703570794724490
1500487031852631861
-4528645919310701797
5652179396944310923
6674730245325870203
-5058937451977028334
-5753743107816888707
-6648501640000851176
7832734991762408038
-8619369693950509961
7134105482979453868
-7366546354666568970
3839898502529793792
-7768544330091107602
6726841951140570510
4535697429242352176
6843583354401601667
-4101367770049083098
-5463754811604199217
2105095913065314871
8796861403060240171
8836263307253326704
5114432609326680157
-867178137592052128
1605329897994191290
-8929413395778948542
7670270510503983596
-5808242414188671903
-3974326040332166667
-1544522546641257800
9028863940069640820
7322741066981151960
3168396180017539365
749790889745170190
9029566780148552366
2387031194876498884
1346202321445733527
-7226284914549080281
-5208166569996575846
-1783909518307036918
5062707258323776028
-1317732071670789879
2129828937404900091
-5129182619669225231
2538059476312093834
-6096630498162239137
-7384908944055242791
4774643017681636518
6144118332313544761
-6234657041354601482
176340260257314558
-8102011111381038407
-4415476169480933498
-8011575171943162816
-1537872893038293126
6921031675375478686
8172269788409573203
-5501713638015388204
-7388818450886379744
-6561982546127438290
-3459364162295932027
-45399870683507477
-1026145529892215034
5543675405216669731
6350441948824589189
-4052423020618254619
-1900846133235615735
-4720065972852502881
-1214740938262131008
2003175865209313986
6632098805424133958
5291427661397639846
-4330333230895212249
8033817855588372906
1974978739183225506
7493797500560754079
-6184445761180573776
-6241297855905734810
6946395870629889348
-2400965601799841321
2064295856110259411
985069892760185572
5061139428795649045
-6248466915789819139
2333304406411425037
1444569529958612662
762442518504172103
3102686298113048231
4423957307270796128
-1098807550146700909
-8897700723845188149
5109824909449313484
-6802761190330952239
8965596866224475861
-2639159589106326567
-2591037111092139959
5500145834494196201
3583143405520582394
-6391199533489197716
-6740561756575191204
-3297696989164701387
3089638096951259172
3093898468919772099
-8485989759804638164
-2151457773334346298
7241943781674299033
4791575008620532962
-8104602481004016322
3835489849214244530
1043758418616900931
-420286380366438385
7825901519852035585
-165041900113738607
6825560570886557232
8838063676949944917
-5584928947770515644
4086038794897389056
3239192513079425811
2318156049409057540
-7497278805497577542
-9143649470611891166
-7346120460240300607
2115311215939962927
4461031681522173053
2490663353965870874
2918424407571638454
57165743930219308
4578504565039329672
3815150717265451666
-655909586044106866
-3374699685941881576
2567485925582160444
8780104633154931255
4661973656843423628
4124567144455686993
-6056817539551677988
-8139205499718351302
-1974156524719982570
7649273291470713850
1055863684555920401
-3895004615258247216
8304158720981037878
-1169563420389770630
-2512619190616441498
-5085512098647511629
3753033069611032091
-5764012064999660547
-4998034761416885300
-2548598700918335328
-6794229389192003178
-5514886831799843855
914620605385842456
-7593205441795917865
1867498362277634718
2501701266811224203
9090373874052403584
-4040741478745535074
-2216491878008118580
1808004098157487936
-8839509250345009118
-4585805538518125634
2657892648261955807
-8441890137524416180
2061670520734913406
7838375035518093316
6426086549366180154
-9078305685233166290
-8899710476023810058
-4791498356638291774
3313080127366301281
7087782131116104234
3812227471111566933
4871842919453655371
6174660213397930368
-5028723093766172986
1965524737054858309
-1412730965815728518
-8730757143287348508
7139242432234793805
-2178927307601431337
-7808819218046467284
8307819032740676223
6511672546251773775
4862277732048457984
-2416631029923638079
-1465642268593325976
-4062129554129243873
6973949938859221014
8216889769411901343
603801896490597721
1946923048438096468
-7071318484964091817
2464785256019559343
-175539318952019153
869076568444191816
-3083841228565057694
2737233173699442910
3578440536033979758
-8804727649131047780
-8166294596769635653
-5153822728027735139
5360123491966103995
4250966634479466930
8887439377013280844
-3568406596095139486
2780663985675249760
-5634465821752781006
-5962363768105083169
-5613143803557704411
2806979814880355531
1465627178612355717
-2180094247718422875
7419242563878247396
-4992318515309515250
-584115546835048611
-4899250510471509582
-5560358400635330273
-2248366729881284767
-7305032628741182421
-210150902629389186
-8657444153810341028
3532022252426016924
-3728609571446331736
-7103043801194709403
6242098519074244772
887597097860837054
-3180099418475605939
3147322439247913512
9211894683464344324
-4168727182023406487
3020834019159747290
-331661792457898390
-5315260573405639410
-834958532727401886
-3814106016272448301
9063747899650014772
-6699154433779734955
-7588823912435464170
4425072623224901118
-7659037878073480846
-8635448565712912396
8110042670180379664
2250761615910714342
-2913777118381658764
-1374799899414066936
-4158344485984979836
4282028086919315035
7835209136304389486
-7285635653381207247
-6463934447850725432
-5979595244656950288
-4485766473613118728
5923084949424469781
926312520341492949
-8023289344192409988
4419733708979943054
-6519975743883116322
8884418292170691530
2298723207200331673
-142432181191788528
6872302627333049527
1049493677891941993
-2908747692845628120
213565616811521860
-6079810785621742766
-4848354550670114663
8647053127779790283
3754740871592533071
87986060512306789
2590430793843605730
4733240327781985642
8428375921916436544
8182690234521853224
4692340241544806644
-3357040709894207057
5514561372359935366
-7776042594432667432
8565410560558466592
6914417964606776970
-5469111774262583180
-4757377287875395272
-8515935415406976547
-422194017471493459
5629106632064823236
-7567596728439850741
-7389151030820695483
8754903065843856400
-7116617771913444079
7333900458825181851
-6293537844696272235
-6655783434264773522
-3228684226238153381
-6951835349131396043
-287704118978413648
-2632797479389426233
8523088585891170695
6867463498059195563
8018577700234761373
4385051977351259869
7742328768298010333
7762601929637853136
-1812752632056843515
-3433549285122117705
-1564253372258162808
6479381449867526912
3228214271798905782
-4469514892145811936
9190967993903180569
3356008663290640789
-2514955370343951582
3123592892973115944
-8517390209272076539
-7574584512914722445
9150012184056188384
1051893637154230946
-8398464976509903070
8391091359164706685
-8251867045004414678
-7728454148825353819
4923499713224453678
40747669761524765
-300309556423224482
9195544098512838924
-4297796692996489656
4352187989571942336
-5333085453525406594
318613792603582198
-8060737511920660107
-4827746622439553192
-5140147575483357521
-1038814578288090554
9185181749762595356
2536579031621644504
-6949742395660042563
1687217862442127139
3828434258763408267
-5134370114349920325
-892295855649491818
7546778312648457081
-1270352181823206800
-4807087986366461570
1633547336007502795
3283958823231378295
-1151897648659937952
-1795591452701783518
7249274051702070290
-1188191862514586096
441997350220447059
8969024666389663915
429480958937149894
8955467172096942458
7105975227686712870
3785838871154019235
-378239991554703771
8699590036176529329
-6474540659216464104
-4718952077218429545
1707096700264651025
-8988473045119921419
463299170523964237
7548693360168640921
811267753133100816
-3293751385033502137
6025829059462984270
-2196369363400169539
234122774309848141
-8038098474811701776
1611566274706520199
8406936407201964444
3943729904933675988
-759382627595754501
2221299128653172680
8875145980547614419
7751276021712412761
4609629552187501750
-6579791550695444539
-1585345663559927419
-8506405438751570766
4739368289727328053
-8720230183926643050
1134581610711470805
8323944662594425944
2678264462246469071
5920897427790455095
-7413693902833385619
-6981346909723984917
8031036026272461471
8208710521306063881
-1870796673052152837
7869768764853719467
700126537477694468
6589249772465410895
-7912656647712685650
-4286145583405259265
5078012598148704545
-8330787791214433358
-3096464320293047619
5284180600466908146
8057578887254773342
-1040327081271915842
482863681037063904
7903984960770654641
7431923484814891493
-6334074235825019037
2913746783820765141
-6101185477167103730
4935441555926433830
1351011436036151924
-4017282258304389668
8357713124208689152
-5671214355293296557
-1408608926453500117
-498647175515919300
-4061082875540104927
-1232632430073364251
6367452397232370595
7040850127668846012
-1467470862176234449
1663194831454807061
-1225991313529626275
-7633506896584691414
8130366272840705675
3009762201769086051
8004090659338630588
556482106923021784
-7909828375161142339
-1709846288902219501
613156410675290761
-2608448780462135270
-526989463643079186
6049441310307721899
3330800115557285487
-2487295023949574711
1994747046133413484
-2075166921136627849
8931520348922494336
-7648463214730960189
-3871737902113546711
2662910812239501317
-8979792461238273618
5396255711924475240
-2116286066581748163
-7474726584209101911
4892907988451265363
5233280491112272671
-2167342901767929760
-963861385663372038
-6402748455409847894
6989975048618796239
-4518969548149387407
-1369005428946231725
-7214270917685965997
-11652524138996890
-8630382526488107023
-800903138616822189
5772286791690100435
-8513282866513048490
1711592234498785416
-3766666542496295842
-7330168652075142383
-80489083889213933
-798059055402225025
3787782164533935385
-2807691658107193381
38421935105533078
4956375194521414213
5533617394234013425
8070016462703722079
8068598307528412637
-4701232460039821333
1317875608193171093
-8123907173630836302
-3554949231310283160
1585199186672963495
-1845355281437504648
2511248092423454540
8008227787320556990
4417802797428951637
-7893877632017554352
-7043678150476996726
5489070002014966502
-824517657261869583
8065416688001631130
-2910774225427894741
1010244574433407214
4738989180716262942
-2646523593859970029
5578785251729957588
6802162101288702824
-3222726017080986462
434011791187119424
53315005783669132
3281865403082320616
-3772733974547406360
-7931002206074939417
-8854666150205908160
-900267152965273209
2536772361792750972
2019127051891466900
499343901334083136
5359201139549880163
-7028809860089098605
273081340734029333
-3472692694052215104
8594427084209288989
6028266821317940352
5198317215722658302
4627045902525927256
-7406765659371756967
-2496219851775166656
5234470745878632742
5511573603916480901
4478992088709637697
-6723173260600766481
-7553868156324579800
5394893409630524966
1147805672018556931
1276889790087065937
-3810014554513164316
5136950672726038015
2575162810510104910
4832025210393655370
8411922759668282875
2377682409834697273
4073408756773020889
4731869111976914022
-2007772883490820778
7873959584670764256
-2779113121988793635
2056998519643664466
8444595525075575967
8776473267361444196
-1518654925040673386
-319273768200781216
8529195333195030726
-3426526428023366375
-6730808419460411963
-6061640916562440952
-8213484374513424003
5588922970504247223
5371689927454291761
8897641114022954849
-5267643331954958915
3529186359297383386
8855311611331370273
-4109549692111805012
-8513481564502894529
-7972829083023896701
-6571888096739281181
5731207568826898890
-8079066863445335036
4654930787378400405
-2012641504127914935
5381671829755683777
-4244252040311504690
9180965211357419865
958690924564537895
2328067568179491387
5353724542737954724
-3080904180654968582
-2884363764867393834
-645150634318310650
-9217800207472607406
88658441463118858
-3096196495505371468
-9072266355234704491
7767275523188666598
4600777362649635067
-7209345710867296094
-81202866273554051
6036880609437862965
1179686232801653927
4121265297618743940
-850852633141724423
-750509005086716844
4351657244422550217
8255755167814694341
1145490099314736999
-7624049833474274273
2518951642645079682
-1800316594703420464
8292373816400965577
8175769122605759157
3466963870445820629
7541500209453472408
-2859193046916542651
-4955803580564873223
-513155314664395990
3553116185682802961
4799352171111486373
8780127545305886995
-6128280169736098865
-4996105702033908812
5680353338553095640
-61020043444407059
6823805788964676210
1505085407986333951
-3092549326807215505
-6200098578110203721
7002257883813351080
-8116058541042553357
4760304957936024097
-1749653321984863132
-4952531736584060310
7551434201993071252
-838043058484374969
2522420264226783019
1312582656857803411
352822950504738413
-827198513672346272
7547954385226167302
9010006488114063203
-2926320041576155895
-7934679374877162609
1407476936360388150
1276372273887859967
-3668300647444942213
-3894749726865059048
-5088670254007614019
-4894760753246788626
9022239496948137943
-2120139995615252250
-1313566102202084382
7476640388785004957
-3013176113746192457
5415978276128874760
2799795601771841457
-6501887594534235940
5384083228400517815
-6062783722956353744
4187247023405023864
-4803239578525732257
-4842076470018583560
382916028927631155
8206843481621468236
-8698190501682291393
-8801735592282065503
-1837920088425001589
3648695314081599618
-8503153605854615690
311347939513828697
694612131984465880
-8960640179992186314
-8381977999548637594
603996196597563599
2046612760415806810
-7728417645415903033
4010241934263422803
5946058817436303922
1342705252439443321
-8702474126620302247
-9029374564630274076
1739492914556177594
2772741792668805694
6185897132491971153
3581668709230786214
3140123343865784605
-7804499547545428777
-5416870673784800803
4996551410300924809
-717593131538017766
3409561056664590871
2890887169736595562
1459574965217278049
-1483635286038335246
4049333711263537395
6584545720753479212
-8278573546400038554
-9154920456272860695
2298716761228848390
-260994554748527975
8112493744342977972
-482491071189698358
-7561114325305936114
-731196738576275218
5974580365310220236
-8548165695719137952
-2647663315349314196
-1297337090168593239
-2607700260673561071
8279829137399191550
2288590560913966248
6418640725621779981
772509323599215436
-5550913804336073224
-1293737265267941397
5037655479525850785
4378939845816225577
-3781001301911458264
-8812184469573078652
5128111785295842737
5830394088043542200
65147690293824874
-7557200490695974044
-9099781240367495988
-8209191704191380243
2074246712090817312
3403001420525658017
-754773866664901564
-2426334011101385953
7640622142082751918
5623062347923206391
-8372257164362664015
-8546405020077457011
2706505840876848895
7845835883507725122
5938784906339138158
-2881591586740740140
1289171248763654398
3205580784132527109
-7950712461650129894
-1085546743794477702
3767923498633249310
9100301537970758374
1666391396932998425
-3482880455417114009
253617107458871763
-2324458088699235793
2673487528301001489
7790479354802311015
8761798107483227415
-6241284847461038257
-887231596823083667
707579064959878825
-8420391739500340506
504237155285015383
-7656640448834825763
3203115007574441027
-9207709678094907198
-1648420855086650498
7004085972700682452
-2401098517755144533
-8384120989170579665
2572284109228448158
-5804747176105885175
-3483811823532636353
-4085055186723574216
-528057977893806924
-1749429237180135177
5381938180629742270
7846471312066847208
-9165559494349766301
5394594815686832476
3739551980992874957
-4898089637030965550
-4610562642882151822
-1965389812022277186
274738869309636980
9213367768614123146
-5331230807842668215
6709045396715538913
3699176348993362846
-8108852494445081558
7424814032038282872
2244880867913048914
-6305929059637473380
-747073485250289458
-6056097473503514063
8316244724723026400
8919953457522123427
-6489860637173374952
-7778126217606449975
-5328960741819191779
-2499896785212587959
-4166710710264210259
5065186211901777723
-4038461922670668831
-602461557855001844
-7168114482046882635
-7293188696428577884
3943804835518183111
7954672037147757771
2592781279963829855
1789382470751469000
6680884244983217839
9002810954212134731
2452180175947467867
-6860333260392422516
-1757000144878287814
-3928718886613130061
6450775153368824414
-3707915490882441862
-3933226088691538607
-5208557432559478768
2321421525575360929
-261301438800439488
-7743138204759987809
7327137059809394130
3280689407331091811
1841126374518118449
-6229846366297999598
-8900287433757361075
-982721989944334494
5973199566766633922
7617867894648968798
-1296137493357353927
3106245142930543718
8869327572336630286
-2921374960218683526
3454988311674444083
-6472145799794147145
4294054470859790419
-6179401215471770080
4865906731162176058
7687279437964375201
171133508170389875
-2193177524947132847
5831432183943739954
-8931922209732949769
7768839002030356084
5706295243437420751
-6034493364191029148
-5133412397775211634
-1334089179993843968
7390980279227074466
3564813416706615548
6596274918481093565
-5640285889620991514
-2573499837458965868
-4340154052849107574
4001185045321576163
-1791610180931994217
5031619190839534517
-275219469755253374
5862842663930776801
4788704153275572394
-637586471557749801
179845984610041532
-2862048459067104100
1473313966622896728
-3405615792065333486
2502541595887824372
3135774936817068157
2357335466886134528
-8204507585452410558
-1101320906279205045
5308790222546879216
6171416798514881700
7655871048461056644
-5577343747644711228
6403905646522831592
-6856986676936635541
-7225121281918221379
6504203475794262216
4020963295614580825
6826461368401534493
4713660860821187347
-8286485379865267549
3532509200385405117
5715741588694716074
-3204792052785792911
1724924632698043140
-352379431793982576
-8278956733373033821
1445885873568193032
-5258629296364561791
2990143574016720596
-4700922660142451777
-4194151246149965624
4871935822144179217
1378483785916089230
-6982479697462693800
2774780436421868779
3959365497691661712
-196645311741124025
165315695910349804
5089659455034430059
-1437858219977404354
724193420743493515
-5582298924064215140
-2497320143609037433
3733499830063878464
261963793398577261
-2777129311188616528
2714290109667127106
-7104433612526214626
-7054209699481542910
3398700617199002384
-6460313092922291740
5486643796902336835
3701672768569714401
-3276595833362856500
-8981350479058565769
6015652838023651969
5605514134283463082
-9068497038553856106
2120191157941838923
6405682692234348426
-8123639408542127236
-1709262643645651645
5827217337234880370
-6152432084166752136
-6633677369300523140
-3503733348748422066
-7302422881393183932
1269746449091216453
-509125299706581931
6934331706158773077
-4069712488420158499
7228880948071641428
-2265201035155945293
-156179314127877478
-7607904536833863270
5101714862231545318
-6411330810292516921
-1272837391118656381
-1957994322735667808
-7738297403183009626
-2623634435258171962
-4332032387522574822
-8030276208695533995
-6383355261900439266
-4923397083978111894
7140656655796907917
4042080626886378469
939371983174852671
4494796657506994031
-7458122490493793105
7471060005248830654
5093844373735815389
-5162819107106979561
7578959069449563510
-8170107391231253996
-2707523614498066383
8149016111387575975
-5875063800937652613
5584934842706768990
6274964261859053141
-3746540492108266264
1689502914116639101
5435596596392943575
-1562824065337837877
-2818848119559762778
6811352764897936862
-4231073455715344130
-3500869618286776073
4074688110659522356
6662262879596759332
8623808261669918998
3248406589074505888
4893598893770058471
-6523691039640344711
6434836195890651815
-1205650853565116813
5523374294152988567
-8616844288438995924
-2846346833240427013
-3904296038501752704
-6902680076217482463
-7264975452773166546
-829738319855575646
-2915531259717688645
-5843853596736721433
8832920393875834006
-7526325455048869138
4096427456199278460
6507854458465949518
552499677364293405
940023143551015544
-6036868109497726976
-631247780172666305
3971245802768770723
5410382602708621465
6485409332992535781
59523232495999398
8863377051916612008
953115776926668274
-837040022546954574
-3186501365545427722
-1557291300967638828
7680682318171323364
-2626170628440641971
698599494546242724
-8269502095021529233
-6403964750846193383
3267567025025230211
3884236680089579176
-7006290583558177815
9010334775935163897
-8727032239222730877
-2997437416355446017
3117293433972295764
42684783643156790
-4174311725363087005
4952895784152768555
3012434787547734757
-8235844208550013887
5177847879949496986
6048648033562136497
1558517171603482230
-2003520641990901806
-595326195592710780
1289299570882370202
1579521446585770759
-5439080260259307420
277234239625519074
-3196656995675294222
-697054464312730055
7226597681243593398
3498563117087685463
5592335785992830797
-8249363661008444463
-4678420173137018805
-7670933971402418708
-447795397520488131
-5584772460996991429
-7123791607681457173
412291944432020108
8586423578567194589
-8317980469634437371
5127609277370662432
-9050229697170613879
-2368698225589441207
-2514022339369967777
-8998054271179152966
-2186124628373294827
5089139809004340771
-2477118437057888094
-4332041483751178165
4526651238174754250
-4456737560152201712
8042290490773398726
-1581375393184383316
-2061438470669149405
5546855236158428217
-6389766394357164310
7087828631473346934
1586100479173778432
-1930192873693386805
3276726140422380495
3638354363794119050
-6619131344959970522
540405719692248183
-8120305713841585571
-5545848163264079734
763220762833228733
8539217721447114482
6324501864772387870
5349318173933131101
-2871383948459998768
-2051537928825421450
-5216217285609015874
8682024273556002991
4961539125815667408
-7001820683542058944
-7664338232112593007
-1381620117776176786
-22463120738222574
-1186468678952071664
1981822239454385677
2659192852922536270
-2034737948224539316
1456792198668734636
3943237075500091979
5847086203098624326
-7115580053817180900
3928136892220183901
1209824601626282634
-3236578111077915119
5017282007616712065
-3648805693421308560
3789868070233569965
-5685354572099568466
-6485771394377788832
196458815606749878
-969125363235648328
-4033066230514878751
2126902008269227008
-5555667069457732604
-7488775216654065322
6368495618408783792
2401587015637733262
-8881134690169689676
4204269275142289494
-3882248213145341978
-1561491014818091110
7745721664923884066
2849045793812541737
2831278034928403091
3226150602825667736
-7215499183587531215
-8296185219278218394
-2675654571466008183
-6585185843084952223
-6934276200530065980
-8993329723003660473
-5284126179374206495
-2814144755637821521
-4844242499006129084
9154580944272803369
2321896846193764469
-5184689261974101852
5984845068689597728
1459761680455486224
-8512564239618560413
-7723250743535837884
3720608092309811273
1773286445636311840
756937180085243280
-7085620112287661322
3313697799999549106
8369171710605925925
-300692264290632414
2027006915994679303
4499302496613830358
6420331989567790860
279019704381146629
-6070653035006946266
-2890418535581210319
3499455753821178984
-3153238590236526744
2163943771937253609
-4848477909616263994
4924122328759847150
3919086123570441021
-1120453128717608377
-4898030394203374696
1267777542457576441
-5638393867601044804
1218724773639980829
8180842557332301617
4275345388807279111
3866565032920629984
3176584511735939497
-2905637551897150178
5094508034977881401
-5312234770282161944
-1696483088100567022
1504809955592205168
-6436640831544359465
-7418048830985171240
4623941525120281822
7927001199503312188
2285253903269403338
2477734785768810486
-6710850617047015559
-5667289130482413796
3987589109503709729
-3206699612070175411
-6330977068197231435
-4696861935714845779
3945504539452311948
-3692889490144783827
-2137898433536413884
801319902468194319
4826435025145730788
-3037191708230559575
-3403856859494447040
2094402914156816488
3466820147636873377
-6723017268345747945
551325149556979620
960124874473895009
47170866157729378
5249696546415122324
7152964417040538833
163195332932387751
8436330439434043753
-7002451483917441410
-8998954794995099894
8841774993125790315
-6124267923726555876
7758250251248872696
-2797276142811849224
-311079885713832477
-8161649708522948730
-2113654627959137687
5803418654746061350
6817278466965768391
-3680938886929155629
-2019629881495160835
-1307913657787830907
-8187377043695765548
410230329268017367
-2268452208685884126
-3204082377415959574
-337492346936844724
4436694887931280776
912295685001802765
-4418270026864950388
8002543504707043956
-1456540309688472192
-4450105333665198541
-8577221786276579962
3652398338637070869
-7996315814922175620
-8063158038281303856
-3812245174864593317
-6141021081810190595
8410160115539658719
8806549099701518691
4800616902158790252
-6474899645038945413
158853480588218672
6555803360933009968
-3089094590224764284
-7101467939358767387
4802152355479164055
3122622035462000316
-2156513827788817331
790719589357214229
1968981717480750692
3799101936315062357
-4335859060309558568
-3228628022410705944
5458897387107068553
-3091061517937532280
-4053113549713693926
8068655196287288766
-6785578119927663333
-8467109361609781335
-3440155421879891863
3568441076905050109
9062306182468311764
8127244689636347214
7726591216873637123
8172240642592116366
-8449887955686233708
4163304656164436180
7369881246603588231
383746076237149534
-8909580196651728676
-1392913363910585383
-3337617135939947911
-7471471087903859489
-257501882551115183
7459585967622097088
-1010088808556624189
-3263074562059084156
6312950956703126079
-5594979764710621392
-2912213874542429649
7067629645536076104
-6705425560283920365
-5700567322245971819
3665237666255444206
265299060657899048
8601506426087681760
-6544566546172351330
-9036774043042039532
-5947421757060143964
-2617065482379020837
4795533034194468285
-1608425395219360999
-3273011251691628734
-536824171503062817
-4203034608775127638
-3414793757928297895
-8517369441003988981
9047760813078874346
-6658629688124143135
-720942417329338987
968383893681155341
-3933530412348228450
-1791896622269708257
-5107691846633031824
-6510778527972137769
4803714650538307777
4681649284555631336
4069512053743826675
-8133504159972711680
-3330194165471883075
2611410072955414020
6170024070401378314
-2759379242193584992
1750211904522518305
472992300949402366
-3542254870771813371
-8409711750096198444
-3152776593486424546
-16201942198057564
7378830089958527512
-8280245535777986241
-2702696105142405110
-7868931690901385078
9118384428050145243
734434442634821252
3837219680934359009
6802419998456404359
-6315859035790022198
-1160516541347996467
4616694222264902079
-3326128360710398411
7143800497309369286
3552728881869614151
952298079800937319
-4140244546218604427
-5683612904456564334
5270155725129564579
-289261144725039937
965339981641282281
3846377875646406486
3875648789011081879
3065936693188538450
-7831724922105561735
5075091937644530208
-3099183543658755493
6432332261617437644
-4752021476217163313
-4613397330729977761
1568015789804668461
-1682761757692882814
544194724315101146
7316698914006327910
-1127503213720796723
-3002053651334745113
-6109109308887967153
6276395249270975215
8461834206434683905
60321223646943256
7920584026335058723
8069910150871730069
-8159800131428689134
-8875950382413743022
2784789935836370962
7463224595132823896
4396883781811370318
-5024659665352213130
-5542869089331364068
3640496957472724253
4007002711743119748
3659057200248514187
8107717697506005762
8267804919183842348
-3132252261408601205
2144824021930299708
2806014092048842701
-4959842821790980944
555847474913454267
-6743261705624431018
-7990097755028619448
870562874729321019
1899505677314265201
1342101161300594252
5910372045045075329
3718239609065840191
8373021194441727120
6142181748087660979
3824623181434350924
-5943928432141406059
8193679722747909627
-8547635171731494458
853074026845682880
3793353589897332730
-3768194741046456036
-5789912310206422813
6428983306729216439
8601452537663189645
-8802291524112967072
1836749531500667659
4568677524589614674
5188217285614540371
-5552846261855538503
8791948000909180518
-3246573555591086732
3540152909759039923
-6977323018608829413
-5258051497130191939
778023990228559682
-8272794240816710661
1839998042744911359
300838457126389502
160066442218249641
2292096311543229913
-6402188089278256670
7297953489326325692
2797075316508446936
-5283187361028474398
7224712388072515527
8100733721088735661
4190180300811869121
-8713382665320895218
4038211797017801393
814469853001786666
-4345090171759241059
-3154885538470957254
-3923641208035263190
-1520815875090917454
-5973375290800994971
-1580241410574910555
6157229183139141056
-3497109711842259865
5182828425969137753
-6962688458678441613
2113457060121715586
-3280315163943226225
-1625795480747531139
6982688491616338989
-6144094230716353913
-6995503930193668076
-7054114573864407529
4560527049325622335
-8557449887137902489
1736877294336476677
3732475150689374003
-7501017607100352647
7798666445298874560
-4179275846020377325
-77136412436132833
-5143315563050440305
-1288180424129785422
6452892230011286549
5475516765200791535
5585314158592531609
4055931753741432931
-4709065542507083132
7221706790228576506
9128851136085524883
-1451255238007595651
8982971699040495871
7596302246644710747
7200862582847774942
-7698195223336062549
-7370785393712051767
1300034111963615089
-2678849287987699011
-3707335794683092449
-3456085864455020218
8945895734958897759
-2634093813152962599
-1677041199707069169
-6323995078584123775
-2097717983196803443
2229140680523870654
-3458698362887104973
-708963344261678167
-37339369419876827
5364330191786023772
502348700421301065
5312476611485482640
4897636319909267862
-2863310304456597114
-7742649903990339438
2306385815864019243
-1501658131781594091
-6328198665766372490
-5446945229678289582
310306170007558677
1048321900483553303
8599390973262529351
-7334314399740481453
6634703989093489931
-8061123406524750887
9164213299412004474
-5098883500489083805
5468615363295931249
-6097239812771756584
2461358435163330162
2103003146653596881
-80233754945020725
7917610976166080857
-2564512019247673096
7088828672760941044
-7113813294339741883
3258861511481344738
-6518626133281335113
-4279437560793078364
7633758514472767532
5574708496958371007
-8062411248612751935
-8265085964174848065
-3301487078563304333
5721846162569483134
-4994188029816400376
-2107350918446712154
-5324315991166324433
3351240221578379891
-7685261382895712794
-7226374513395935299
-3222790410406439909
-8826861523960868811
1586522618941962390
4860161306142077934
469025432878316565
-3078838099936535777
-5386345530740494152
-1436037726862891994
944721694143938975
-8569340835769760304
-860649247741290287
-4187491479443291689
-8589883128976867489
239319994163018667
-4972747766743376952
-5484413784108648587
5552433719402345119
1332759188962182488
1850660295775473003
4521532727693286649
7488265657313471437
-6107007511628862143
-3644851500151790872
6406923458034558049
-1502675057618612484
-6209114196890209258
8970450263604001620
6891921054474245678
3918729750403474530
-6168729988054772406
-4364261987996829657
-6477144726738657820
7343300862020122840
-4839915705494611053
603265930089276862
-6853181838412601715
-7720292946945290659
-3010332933778553491
-8643455383580445736
8753409927752091447
-3089166961814135661
7420684286663063960
3986073636037246490
7683222765672873841
1898278678908887361
7660896862758816662
-2079002848441310069
-4057858743717821486
-2840708271090106161
-7448680791408111570
8099536880553784344
-416329022061585806
-4415511275714447667
2586291956993032684
4321235392125296401
1337115246810941295
-1752185480727062932
-8488839071455103586
7132907217566582186
-4534818357045032598
7551637535144401667
-7498056072209031464
3045678158443073147
-5810878297151117817
2822467420942715019
-6307664285276986255
-3234172201107091711
4153480569981699697
1209300451771341860
-8002815735625693948
-1499157453601012709
8786427974851978195
2999842512051670158
7418657103988476784
-8350293775472321907
8066154293498069984
591682251872819889
-9144124708041419943
1072309900851234688
-3338495411140541108
4617059589905707541
-6531498053576073820
7955790988914602240
-5028299589603492784
2331191176200837482
6215922432936555775
-885324117855902083
-198052570911629526
4568896345217053442
-7705871244403088809
-3637740042591426229
6849871561485468314
-8644458050159571630
4346199476726690143
-1994271481959365342
5930910074025354855
-2314845535810206859
5458172315010286864
-7834523670797354850
2722955549092188632
716757391834148265
1960598928308616227
-1349144899133084224
-4767821327382101956
1979334449452048847
8076473693810845081
-2504253266324012437
1022106592390667618
-5448572180368669713
-2482181300373830348
-4650450130924166936
-8469567309172436447
3477657825120429746
-5947254891730065413
673317402685827170
-6012907027585720110
3419315787897322470
-3690263015491139398
3760603827863774571
-9110846707288960559
3150322417642542334
-2604257003753143169
7396452513833425525
-1793516309106692097
5095132296539370384
-8075456598965133538
5187035829000738906
-4311535429757790909
2590424924298750421
627820801625888686
-41387213734222123
1274428418568128260
7730688034296826668
-7356590477581644534
-6838584917140472569
-524746958598970703
-8941399826977067881
-3606443880587578798
3557855483484391923
-6573015246485628359
3706314538090247484
1473727174139761511
-670737949341659903
-6149473877677162349
1123112127335923429
-6626512795665405582
651405331183615615
931471590730245688
2057713854430496385
-7739162688278626467
-1313355104419264485
-516320369697520220
-8857831247023166303
2027352621658646104
-7677646057100227222
5720525418052157400
1487944286165747195
2718834758213794390
4668144029080339557
-1172177829960308517
-23550557931766805
3409425781202531981
-6271702590739767833
-9137640290977127372
-8053135563017880339
8664118141257046522
5110256981052472880
3210127452156481906
-9086148327388234460
1143942530825903067
-4878919384372640411
5582276198061131940
3585067641060460246
4663547424057749555
3469556072607737869
-6479218154301200671
5438514335898147566
3005888852982848585
-1674520729649145963
588210227336555202
5140095957328617849
1497738651056790313
-8435260387935438131
-5155385738059472669
-2290735866987566551
4525030667774136865
3368663493845399145
721517742029119590
-6620012926583374635
5939848845965301061
-1681947276694682238
-3411140437214750865
-1950341281125697033
-3697478352612623379
9031413798645506578
5974276606583891881
-7348405099510838484
-2378342154536123086
-5351641612063703685
6121258841234592447
3984889026101683128
2894366622022159476
3470025765449140481
-5796502944572573980
1787460088786833664
-3842583838095667754
-7317852507995353525
-6411192218158736564
-1903330558678902003
-292992121415370048
-543497866714703898
-2344047742425002832
4023668750349120784
2712964764856819293
-469068009662109246
6707984448268028366
-1483159640202281512
1683845051124273691
7375620378055870899
8668097423076966375
-5827872676435242915
-7799055885807205843
7003985462249609201
1059210937667802944
-2848138480060029895
-5016112823860657652
-8696897683149178984
-8973934406746042463
349111362592882218
7767387499971916018
322896313417680681
5941145537470885081
-4169802035014029166
-3792024337084240291
5674751133721241864
1381253428226421559
8386655849555520503
8018309888888888978
-8037170748874974213
-3926508839439027181
4688149016594341763
-6615875068752429288
-4754911860209638479
5453582573591030339
-3187054057779975804
7490305223574424377
-876643886562328263
6193568356290569894
848565197709793261
7150559434901237892
24304711117323143
-7062867789916795747
-248352420674062124
4016438870381712206
-1376132345217058830
-2814080827548033396
-2367463219899548942
-1322122319604735188
-1138983129708830023
3510344429250419294
9021339441170767398
2907147113881649018
8310728373623842681
1566818229731354111
-8225802132658768910
1119502355512781783
-4990942702878426696
-5440660546196337697
-7503504933036691460
-8691060050853931865
5953164679742926174
-7600647040793163915
3442333923001337999
7441034667308770192
-7602466092098986185
2343397619999383994
-3191498843546556648
-2583449756900056067
-8487626884489646734
-5762422678879330902
4209052862011287721
641043845463324574
-4449584033006551003
1478939085094253767
-6517765403617005959
4890977302440434406
5217931306134692294
79237496875606934
-6113932258740650399
478675289401719180
4692898119339141043
-2518593514704271841
-787621708013145248
-4490351581461720310
-7715743272981468501
788016902419268721
-6301264953908937191
5435146431901413153
640222739776655187
6272426513067101980
-8975582146455620272
-8141761212875201965
7354642878635699
-4663923599174784075
4580839789019166321
8395790809803416168
-7536696613268214090
3446425831178555733
8673918740550538761
-5067880011164275990
-1444582090955171155
2403303788740105498
2431548631377715274
-7550164296646381144
2622993386584001485
4489539317228054181
-7300858085450520180
-7171745512143574217
4884332778580005292
6247652707521420443
-8552593894253891898
2284225372102025068
-1996262112849311032
-966523387755097820
-488357330854083047
-40889289165222429
-5217533874101347072
-4266434309691355537
-6320017578976338106
3877862567276995196
1249963017882222105
1794277404714601260
675145266628219954
-1401861085113632296
-3448744819629962182
1762745292946257680
5155419919738079593
6130833831690958304
-5769057143234316688
7842225619344217941
9214430534578052761
-8780572634569956801
8123299719067792683
6069734892535755575
8844043557930479378
337666565401585891
4834822354244817599
-5050983466338217864
7582318067001844301
7770962984391169664
-7226102691277454364
4784826674857902044
-8194065890999874462
-2551629261884002548
-1859090823505391561
-8757252123368900178
5074738484091838096
8866326849855148612
-8167280879942726985
-1730334060352239046
-7762974806869317703
4950846272423276582
-9158971479383532984
-8794680541467980207
3693254733766173923
-573777350420837003
-8414359592625253837
-3062743561198829624
3837786472680645048
-7265891983328716743
735681910989511332
5720601573187637752
6554214979853986054
7830135294734388284
-2174835089796404949
8252548734197358144
-6186645158891846335
-5862813299748018291
1144759105131940156
1537840445867909247
4641220778947956988
-3921527179464954111
1356317353214506159
-6831776186053131366
277756651105818484
-5061839942820461907
-655994020035593152
6635289070682815996
-7010255247345122043
-7561840709106187667
1991910229581987856
6222898989630635537
2745388516277282738
5519217533721641569
-6184743992049076190
-1502048900009138486
-1782558429326426207
4786569808894775146
4928359971815066847
270906254114446364
1874373592297365405
-3367671001060801614
-6014767593104523373
8591750758314712960
-6755082203712840301
-3096596594289530079
238633984949297901
-1090411870505157515
-7078411106985209067
-7455671722633725976
-4408490872161000573
-4515587834021018374
3938525753303231962
-6789153185639708934
-3829171622118662068
-2330575403873051116
1596191347654348860
-7237389965992971122
-6106654664189963484
2905709443226934350
-2404586255925984840
-5307557492476133217
-2914878660765742773
-7338340922856050636
5122018885640269682
6896878736044688236
-7570414179110442010
-1599953725956955433
-3647021667400811346
2075315036697752056
5940973976702523517
5034198982614737484
8652786546783560536
-6238015323070942581
6530993694862526843
-8125625331361620435
-3780420930759498627
4250237707052613935
6730927963834699442
-7355003297245268970
-1606638512784865072
-1499342096450706381
-8380908340449831468
4938480344868662313
-3541919317062209242
-2570107401316831060
-2450500358943456517
6142404724535346571
-4545823238894405894
-7093358198386434321
-129844549484603103
1501926404717220580
5943616416719871210
-5523101460633178343
2023403827950547625
-7977007383322040605
-3644328004200493257
-1348429632462479993
6437717700885400020
5384097482388181176
8409116115781219401
6891611624078419806
-8558973441115434675
-3538682855719311208
-3460295349616177879
7819462965260410628
-5263240867456836450
8116173873543015485
2231037784094025222
5008132991194058917
5018889253805709496
-2761935315475371165
2708656576836916913
-5472352569829558609
-8986009820780587921
-5851429641375169460
-4788246154363743456
-4314146727416447402
4038026065353447676
-2342779328091312067
-235121461408117778
2429959208889162769
1294729433674502777
-8986053663510552577
5447426510239817433
-7539332659201134565
-3680938058600724376
6383682728283285599
8755498393601939267
2361845016568429299
-7123988129812044243
1267348163971120814
-5145316269014679885
8219816765915603420
-5560970846200507505
-7086977815828363967
7904422837823683921
-6238063404229180578
-6639730322849981125
-8768620607167109134
-1417513125894141331
2161818311222942659
2893944496759041345
5230504819628263581
-8512861110429209352
-1987137037640025702
-2546011118403841131
5505516555047467940
-1275751710118622199
-5884215884624690632
-5784817460259578225
-4807874696995384212
3193749348094201689
2284125023204656690
3556729516100928364
1195028044248908254
-752597546049466425
-7942941207199701531
4680062865299822282
8576740205116193511
3684106703279364054
-9141481153555954194
8715493163625469232
-3449180358987744520
7352813633639265322
-7989660717897460814
5253409415479720836
-582479305097736570
8499662148999287823
2621095095232682455
-1954707574039973997
8071827881685823371
22970218359814642
548479896908047561
1218521199269509260
8572158329776501251
-3675615283944588315
-8019368611080571082
6221951165762029445
-7396968711939866512
-3976909739427671009
-2186616986950185326
6910940450056097781
-6189838935017838505
-3910748901107023494
-5471700612772595820
1223456936070492216
-2872908463086782783
7742811242496980980
3404734752181072567
7748692119801866767
5259812674369021115
-8736758295957659346
-3454750160393967430
9190659740057021213
4136303668746556374
2365960563876687088
6265661381138968353
7917610615493354859
2716504814627429031
3708483363886150051
440425377794743473
-662276953540636
-1899111202989678264
6467589295656410325
3921414206884900344
8427638542122460890
-568357126490452523
4665846226871481273
8048345529999522243
-1468715912665881473
8398097324859408625
-5312952337880882268
-4789493005585091163
4675341396050700653
4127903549346243134
6025263228764611217
-1183567857171068297
5800040010359151903
-641258329183847192
947562023289397150
-3379655049281586990
5025847580222131829
-6085184625900868581
7117195863268623245
2969873159634423191
1228115170857565236
-791703017506203768
-8586000514390769340
-9069626420510529944
2752132970497469828
7816366817717026789
-6617810096631220659
5418827567037433388
6836318267637127792
-2705576560377341078
2222884069748628311
-1821377064776615537
4301951962448880745
-5934569447894810028
3419710200449729715
-7366473601710273665
-4196678935817036092
-7845323314684925083
-1833997680090533161
2410606934849194416
113473929797461815
8162170739205273698
8827968443172696799
-1844091089584613095
4314331977188462176
5740793032672334484
1478522401187122951
7236801439047473781
8620043149429608510
-1753775772782667960
1494186503465094962
7028119209022955203
-1427298237131170634
-5591913753642331057
-6970175218460587674
-225478901850805305
-3345227149536645105
5364123412913902718
5076893095949238862
8304988017439232134
-5756082125878953098
-2281451406726349777
-3282611967092023881
-5456673780029568562
586204153974152571
5958379756809188799
8734698804144660243
-8632779271523617108
7875926163689302674
3720963257015758350
6159252373641083385
1453383863069957363
2364695572214678932
-6424605373297319678
-8211622906298469726
-41652361393635908
-3699528867964467141
-8339542888888568316
7688079969753468526
6445566130483657184
4714610383917185961
-2489409541639623551
-8746163979335445411
-6454702666387192192
-27936051208904478
8939054626413369450
7773379519909322135
2613522660700451198
-1997452006482015923
-1024741717878444364
2774554905040303589
8083902746061862401
-8610145159462453449
-3813473096907791911
-3943107064501236683
3569185593535504629
-4461102394144063921
5129208893137768022
8155835966132122393
6077691242379691400
4270528496096410667
1249719578486978347
1158756586380734793
-6128404253160603217
5087029030867747010
-7467321253129661858
3039793485101343260
-8978383290317286753
-1499361160180019471
7120935851966293368
-4804633800200411629
-2688446742549382828
-6566437630211891978
8031693880070550022
-4894590736421182641
6703385919370194701
8866385865970048248
5390186227387265561
-2142629272134445546
5734424503803259341
-2281435324833000067
279762482683929799
3129901550989324626
-3065145337392041764
4919134617345968625
-7812888994843268441
-2361856356877201647
-4689531121132338875
6880629511695954726
-7271879342867140007
-374379847464357626
3959745450253795926
751307018081273807
-7534818858128837380
-5055703122926759674
3519318055568493090
-2500011531967802109
-3956666720559217994
2632783416799396237
7804003554037428738
-1161728645946710336
1731540170368606000
-3183857366322241993
4919253366497377040
-3574344481930903450
3306685487845781015
-8095519036987175865
4718879594085696170
2349582733556098360
-2808046817841107044
511879221766966051
-7533600269778942219
-8155940959857037089
-8313627269662831371
-6585161726921321259
5141309078763223896
2903220734005018598
8871317860946326746
7820963078384832140
-6768890361719526147
-1326351817218840513
6459135950380926984
-1796605009135023847
5142726848030586707
2922108843459887548
6074205930768635330
5903350624958026099
-8221830039010654066
-1514164107967807849
2041304690422376523
-5077011184804261581
8395884426077959717
7236677993972290538
4797631818402652525
2636932327620525848
-2656432936251825836
-4726838962558242248
4744612755256714997
-5758246334013137019
-4166516394242397288
-3024101403762242077
-5336807868262146252
6152982490179458302
-2509857888584942795
8722124458049697715
4438960165394644352
1648502735063498927
3038542608708603827
-4365387873514093227
7970424535891861169
8871830952440541925
6704755931147478621
-2719463717653952039
1486905358695593380
-7943826265223189614
8849495393369255617
-8671458360791589324
-5997866248538994756
4069160790233131725
-1263844528091967694
3068803169467611580
-5709684944612263588
-450068277925867184
7357497253038209353
368880916096326319
-3572397937852503442
-6171954118912536328
-4300234483051049376
3639530985391652524
-7450809779940662561
-2483646878146548407
-5550946576748669930
8497725658103737143
-7436845157903823072
7183760246872951784
1291505262738520270
-6780827695463610822
-1629579758271296345
5318307761054766367
-7959601165180966865
-8094102040270176641
-6206909192461891988
4306124802293916764
5019993281467527077
9020395204106535991
-5790376369304477332
-4705129900295518030
-2045929669595073825
3405472461072814454
-3505251483214841558
8344444699731334486
-6169714616664035249
7292976386140226228
-312336285718647767
8580760267459265059
-6192528394107857491
146349438432280397
4612465258439948403
-484962487922041833
4337696214149653620
-3545202285177654782
5680696783954569237
7407786029998196180
320964481709123172
-2231634437703380618
-851266990604251744
-3933246204924262368
-4752475562906373634
9152727989265381554
4522665800331251882
-7713377272175414683
8044009637200461579
-3206013421629059166
-7293040701285004725
-4944929225767597263
6677718085713742614
-2223052231266974826
7729445420912931233
-5258249367218155337
3491191285191839213
-1324716297309794366
-1762722596179814324
3869348050577377613
7802046367945522724
818378041407182270
2605762386116703986
3605912827269161964
1696997292329837969
-9201276304975034874
4002953610268821948
-7758849485671028557
987907001671026129
-8713388065858037637
6621886142344297687
-1827392526451132060
809911982515735746
5723917410083312864
-3943607227301205771
4901599545764159974
-4016107848679450361
3609055294481410910
-4322855067821858871
7862396847068461249
318993996696374920
-4390723536619463424
338453392596568206
-2862131421522751579
7279500381092608751
-3654464617222982600
3487842909974203521
-6456706477644368925
7756868644247259691
5258976187034422616
-8000739248313805982
-6871706486262300942
-7436605035796329743
1022223439519493914
-7027435232398241800
-4106787657102231828
228238232139154230
6585920951919768345
3765738726010477706
-9044366455181000946
5306432393461060790
5195758305243758165
9010000179622913894
4679982935797110843
-3807859209230241424
-2171053349861422669
-4970484368092876963
2040395987251851642
9003887568009338920
147580346797275771
1304717878948401221
3570283677838477428
-8290496034011606812
-2203254592133936424
7171237556588568438
8605270177781815799
4261352984672076144
1030872354059076188
1980090262981531726
4054501218755191413
-405427397597531686
-5702202858345283975
-8449124195039766355
-3671716924186907003
-730913167225886474
-521857289560929528
516938099030879609
-2633329737618769055
-8201382884351047462
2760999135421221574
-7522613464525361380
2593046237322422119
4457313344635908963
-2243387077146251310
6966283654769290753
-2301992629997718887
-7312126760803287377
8281745136617735217
7023704986589966106
-3771058544979603683
-3071008047352497759
1469096515027157578
5766291073024948317
4126100928719847869
3640283641844285537
-6784994707716014741
-8137124521831502526
-458411340565114265
7792442621250920665
-16305218820515262
5167249184921467719
8441410819770076334
-2600379955918926023
-1205772852655237276
-6149285748830267796
1048654222153519175
-7934189411705673101
5280809231589533129
4498512246595913143
-3803023387265535603
3876321733905420479
7845867378121789774
-1689537242097041486
5157739017243830782
-6012732560465411047
3156727619194468658
1270905214858106600
3599383349999802556
101422908613598910
-6316627959737411431
-2522965353626798485
-2214294647150456051
-74857294414604365
7376119683879034636
-1300910273456705967
2322815126620685532
4181158290706208574
5260763342190778615
-7039849463460147150
-1087886560521723595
945254793766001515
6149095376630687786
-2713183067853268052
-2317733066324286772
2948271187894955144
-2743019774601950119
1185477973145909983
8736242490841930871
-1505599061229067863
748533691970468764
-4376832619010093326
-7656091760096945744
-6746223151867382491
3817521577572764399
6257371713892961420
9206995209316847380
4865301102874683671
8653683187496658611
-6743923706461902757
7317856248421849830
-2820493728114459683
4913030014890973995
-6234064049493879919
2839229449978238348
2486256360094182557
451441468448599296
-6878871608693471134
6102164963458789905
8297162036211847099
1031016721329373630
758631535217141383
1554770727855238818
-3288834936776756380
2592824048237287509
5615292414163951550
-3266363688042998511
-3267999657674140665
4871874622025470360
-7418871370185558969
-6421490343843361963
6249320829722353879
-6028735464269363007
5676719493733121896
816934929387123720
-5279524881477300150
-4626593378642510869
9093089745804415979
-5181349342572847384
6006799211363091613
3664325348527588503
1757600145670662299
7490288105699952982
-6185039205349212083
-5319754060738813912
-5641413938235484982
623959271476326106
7743622470859532959
-8311399373606713241
-7192864790301401906
-1995749800687474275
-1757089140814060519
9011118002266430463
1347877082443140735
8910678602041287405
7393976013941730055
3119738830685329154
-178268236794286661
2074488279014167485
-6756315042128637961
3263693073442134882
-7940556400734801693
-4884433518138600158
-6322961871915566531
2183298143289002361
-5803660570776892069
4207279346712510679
-2353667096065672080
-8425255642392762238
7609352342048904205
744351945023119802
-4123258439312328469
-3427801462338199779
-7555613557272470041
2423441197960721484
5628428596804785741
-1376380873141240881
-6739553234938116008
3834505607596750645
5706518998114763769
-3052935805230772865
1169650396942320087
-8537472947595162690
-3857385818960458089
1566853715486444539
6821581874448066140
579411728028542550
168396082984993937
6823478484489719921
-1152825326020727835
-2351062618281324786
8641760278604589719
3996937529112763894
-6067694652648251661
-5897047399107907044
1779576464446341147
2854186888832760322
-1991925143449522422
2065383353065930844
-6802571238341962794
-7898452509471058702
-2986216659685045451
-3186428258076975158
6470884910447814721
-746822397311417723
-3772907285020619137
-880808344817423351
-3731761953804195811
7426606293532066400
9071489242612087930
-8642128360278620449
1454746018303109868
-427649401570420598
-2141677404560568900
-523230841563744073
-6392180114416055947
3409137729487156720
-2134311353158022050
2719672525193535773
4824157084669198916
-5858690798247661342
-2071683952704290692
-6132583824870508730
-3867428082644423129
6007805478010703252
3388141305293925559
-4099712813305128315
7915567271097648306
71797629509031582
8674897245366852278
-8896915980176739625
7716683875793318076
-3433936392201697923
-5165801869790316640
756983163207295320
1228166632098641120
-2233958582653748464
-7529221200873144157
8464685089568571596
8789412078852448253
-8881054831334799333
7974640473580470129
3191318666894439959
-7397386835607006794
-8585184935827733049
-6242132516679575874
7897714596663677125
-3352690171627172109
1756205925470371360
85394661475180227
-4959048351374525565
4760888814223255134
1307633652029285526
-7533415982546988610
-2567442284307596124
7325343270483862759
-5458659579677663619
7903073398928885872
7791141266232657565
7027172680446368321
3303335871339731853
2130387395095774877
5347707952427079816
-6857724054484816542
-8838794715906462
-352383251932915825
-3272664719027753307
-1084276743384022777
1441708822080673021
-266567866582369644
8140690048756597461
6496457393719207982
1776740373445550401
-2643387743507472516
164244958057422110
6714845336887847578
13376954909487479
-1636007888742829284
8663631139429053482
1401704997692905810
8681449412490840266
-1076852450586215475
6874315223756185031
-1384623648484101342
-3494998771695740980
6508903990530344429
4223508139060088680
7710691620390213912
40500635615855855
8603985874426519644
2467851901473795746
5244974022850761480
-7678688127661914867
-8629148908285957887
-5112845124109897296
-1261099870234336247
-7099598380395559967
-8685548998762403517
6005967301095935984
-788589743372800266
4350440215757151372
5095482404583686801
2375357887143248484
-4900999304772998418
4133074273118773777
-5086792213283542310
4972911643529040946
-4239778176814176299
-8736275384038574120
-8228994797057902315
755079373770113828
-7063499136745479471
-1054274702320977361
6762279758797849019
-3506050732483825623
-7286472919144240435
434477270687233732
-3287059813783403704
-3208074712521924654
-8101264623247239943
-4373782774479178452
903046888017601214
-3191513085756470570
-342197656742837944
-2578342788321456288
-8474599623168296927
4374572487872036494
-3047421273070932240
2913285217797642811
-8835390076798227717
-3699687951125459591
5131728156461424878
6720957383707139581
8781466656537026266
-5924051746198679622
1905158460177715839
5948208942198382283
2366314227677032398
8019181719301763989
-6568681492970947672
-1940864848864479956
-6495166126318977300
-4238638174647656970
3987020892497585584
15305992626943629
5515120506233786061
-6695192903498966295
-1865976269707440223
8583513503104167358
731696178839056399
1809895543440760355
-7211577083518213430
2103323029663589236
-3362595702998090285
6138287028710396792
-412256996846340289
-213913393087416635
7984464952932411965
5656579909301256034
9025061915922245719
-6621769030426917458
-2331917327911331080
-1432729684970295423
-5268797499298285267
4077761197856974224
-393595889156598353
-1534271222617687275
4286360451461613857
8524033493685316527
2239325379575118997
6988153573921428358
374774940271155284
-4711436839396670030
6840517805275618014
-8834830011157273379
-6152384637811958737
2224073896668946982
4503258168470372676
4834269843659441736
-4509824695524826148
-8107519219968923397
-4938103768704241021
4555584106057038490
3114827096102735051
-5336017215341460475
-4519664815295684644
3102794110683168968
-2863405867564136657
2476842482791069564
-7753498582253865578
-6732405830748539795
-4587758342653941121
6424915048827030140
504183782188283768
7087342310932594247
8093914232956115445
-563120619997479034
8820833340190092625
5992328523621602488
-8118932262822037230
-1276314467741917954
-3862261510742368399
-4302751681965700027
3160455997357387800
807344382793156011
4624877660840551213
3579149564553541659
8573707320928518287
2674610542615994681
-7730975697141811362
2122469233485929093
-3442825633096128063
-5733391804492802886
-2688274337452298014
-2862220184231172745
-6158153886466613955
-1329750054793327839
-2142430366044522726
-8166870204348216570
-2315756678097550505
-4637338968568902202
5290573358992822379
-7697877633458496018
9068668594532093863
-2966353901482005275
-757515577919783235
-5169090384348839413
-870956816849705594
1666556301069711390
2546838729249369087
5188009719243205856
-3483311345147868012
943090843797702390
-7698795090000435551
-5549528753505372653
-2137700515118598859
-3447855389901663915
-6502154259054481896
-4086312697605261330
-4692612859376120562
-1589260450547623929
3679128069437951837
1958016818276974560
-169424074803813491
-5108064690740323013
7059560515391656302
-5561362204682957062
-7493177368034337185
5580868869204192519
4028556386234577356
-5510760154908939661
-341501933121454600
-1556599353048287775
-1821008105043169028
-2888236461181715419
2855617599378829838
3757819966369181991
8188685559899205382
7223179394387067661
5572746780139044382
-8433859484981847143
186691916867115001
-8305118612703620146
-2384027780942582298
4566980605626809817
-2232733253572583323
-7229360988444890833
-195894212872103447
1841547252417791218
8938506411664839135
-6376175449116638056
8596318661118278639
2648499694012902094
7172535961204270977
6151466571197374105
6036694548392629122
-3476120796170424641
6664615516402367079
-672124020725635228
156152238387763825
4170227438839733751
-667329557691335118
5521336284652132174
-2636653657295500976
-894108066941522929
3100011886237371785
6847616919688515410
-7951023257534616585
-7983332969779061884
-7944799056542103916
2266397656019634574
-8439668504298306049
3237122870467294773
-5471005626066929793
348543110062643651
-1764215779486103736
6717059054212208103
-3299964576240641283
7423757193391291865
2576781211203506294
3714374278981680321
4242358066921202882
2653672083568508505
-2950782375346075793
-8168172296971944496
-465777613849567736
760695767221034737
1361199347754499038
7707023213430961540
3582766142665445899
-9064598344815698188
5126298328809888692
-2087748393991679439
-612661036368672115
5883257864588036567
6865647286320232353
4671938112256945295
-3019179194131571629
-8172600075191609419
97893325137319839
-2852409217633308613
9157610786121761701
8868397718788775372
8404759522446319464
7151675783774016564
5593714572553638098
-5700537803982287106
-4962895050324262149
4271624938355008350
7117532622924342442
-2518868643714741167
-2992500345598162149
2560157634820396290
2364678202393804034
5779487175371113839
431385768620976591
4873879615691978060
-5399858224982601420
-3178539986187867865
629627202486443748
-7286896616841880116
3507080464712793756
-8677399655190600214
1436492961451486310
8529241909286714870
7664132751680292124
304260557555415631
4259787472968391467
7324281171918844834
-8926857477955644519
-6358539343738628721
8995106055647645512
-4630968698023054452
8734664200552686715
-5365070419449247735
-8948039972911174503
747063316646609365
-8485041466490197455
-1446290184071199808
8206945066459024190
8943623069886413440
-5343235406033679445
5354092944400559320
-5259449790534730728
7021064498555709942
-5878842600315522850
457924888793643548
883793550211997008
7202365250457089411
-1872857330805874876
1902657989089322363
2865861666477162193
-7888622230006361130
6566781069783803481
7638102201798618246
-6653620292740311351
-8081324366727801467
-3876712145134560225
3832261871968559348
-2328768228684839380
8984486182258572679
-3976681389850449509
8509547576282220831
6492683493087604017
715943622949087672
1814849010180597589
-3471907715365793659
1869684179377491923
-7048727113162847400
3843099407274920412
-1682289756821452729
5311483137407699537
-6816594396678606964
-6135332665885598144
7292506069245048749
1089638667003467182
-3387979669330438180
7020916049205499542
4392487197852073119
114777753617308721
-775758380510764365
5721311897533589112
-3726717770444145618
6802530034065513958
8143008689129341923
8137892961638018946
-2668021506024545527
4525342459799332124
-1500632080123146978
1140377637195267542
-3904716953974589944
-6808704232775038234
-4537720557253065090
-8445924367250352999
4376473673499357861
1035960432118975386
566265500822034173
-3113025300738536844
-2117964692376666242
-567299715929691308
-6679667053204587266
-3029544377487444461
7975372716846509269
-4218414182908089740
6713875994104485570
-5706935202934805847
8302633279153997072
-7498125074256115172
-367017530569360652
-5756233648821959573
-8075318137559405255
8969704739583795379
274883868131942686
5378004764080014608
5914776280108766590
-5890401627622064540
5387595464995330609
4265577557178335320
4002320734153423282
-400200052364041824
6127925623890647297
2683741973339920514
-9144958317982830133
2317092337275517848
7450292999393905351
-7008301136533828909
-2040301108718169502
4415672129723630788
6459535559844937629
-4477326430794658794
-5502213304852226762
-698699532570877602
5787316711888642821
-7343207519673273065
-2897043209550069335
882805524450678247
2529413801298871395
-2773990176193052889
-5897265314416530111
-9132833114679571550
-8774541076672778370
4930321394530373787
1057563959813614632
4718831601415464212
285454069272827139
3080305324711811405
-4322362860661401171
-8978371196419317110
8275113557453013762
1698152603791081241
2705600724114284737
-5220373031044278637
-2565439913859715729
-7428956791119193503
-508234012053500805
-1337067957879772542
-5230433690097203550
-6722316532859174262
7281390072505460885
585030499219501805
-1153266896810940456
-7389412085594445187
-8437209099139419668
-396179557829389263
8576287817233090992
-9087907281100305113
5563064385741559555
-8596424021668301077
-452121193516266322
3231834755156945401
-1629182358643537791
-5134652304127603584
-1045101924589399621
8595652906355347816
5283290511704447406
3637317739782775702
8295676401463927459
-2331059529253076626
6857376673964470522
5449514294961310873
295354918159035029
-4360689923857690105
8133133564121778295
7075565012365233719
4877097834564648615
-8002724106837118538
-899305017187729830
8410618042433628644
7268127259392456272
1825792093818466813
8812166872280511870
-7124537411448885161
5579012402793059308
-351012695836548120
5182132679277069792
3464565664761112075
-5931835771959804612
-3828522447226911613
4955900872729574692
-4024209519657257025
-8380115819651431453
4326888076684933471
8583375719189622542
8158709447231913719
-8356164546094465558
855796087857552657
-7063454105494432246
9069713984015914616
-5102166074239308228
-2782631833416492109
4234263877712429990
5597387663175024335
-6160249008838410965
7452252197639757666
2931786000675545362
8128318845652931275
-5614019414429155095
-112513728830403394
-2566014849927250009
2457242189193186303
2949633613360272912
-4242921906381320339
-8539745868257314467
483802874132469569
540682301678667803
-1136904427903781224
-5265529343968059053
9149935321843808558
-5168475947195315734
-7258418485203525269
4489895097358042187
-7353862753209777501
8723708181155626562
-802298830267876454
5593022208508098859
-1590753451585448635
-5822344558803808181
3085476070493981143
-4180578913523957379
999625820188751867
5313148019678256144
3125063589487412829
4425914246748273135
-4575063106474525842
-6025582666309769470
-2151694910016877208
-236420698856891692
-6670196360676675952
-6571375746819692426
1201409973077957050
-8226161361712166750
-3911147956948475118
-7244906131542154718
4873803322909921560
-3274423883968678798
4230939357357359596
-8638687478676600668
-5832175810701385525
2753841788572142723
4826232379116711897
3584633028225776635
-1354410417649505760
-4556691213222626120
7973305631053496792
-1695548799967522804
-5411903013253054744
7817809717660860181
8481537733467357612
4007854195803120926
-7099455967646896647
-6689229598696637371
4018039002261619293
378682733595512926
-1177508766953791573
5937380368101391383
2487686178918401205
3718372343736374364
6048147184996172379
-2703486320134134276
215845802604374980
2324535101751355788
-1703460160026065173
6204293767510675851
5691851190389391709
5488833316952790727
-1669142909539750592
-2555159827192731906
7612610105688263319
1059061623586494919
-7044784594882699069
4275246598278565810
4822647788540947532
8449622332742836142
-5047248158535998239
-7528747674516195669
-624050562003984483
6372783962168855936
-7148759293227888245
-9084972827703895795
-4443847036005124500
4500708915164469412
5272796057550577591
5554694969671984804
-6117365536495325216
-2706159645396930713
-1572004697207388707
-2390095173277076899
-3398013380946305819
-2960046058679799432
-1593181381658925958
-3852689030810160437
2343361378823722153
2405832248095930477
-8437352464944545136
4367493052098499235
-8370658400350521056
2015913982577471549
-2720209962331432412
2509235269016703296
-8218578624715977854
-1044541306302070843
-7506428669883108161
599593436147610400
-1727789662087524152
-4075135616177798845
7293536734338947054
5737410273301660260
346753345645889074
-5719499709496522018
2560120406832955842
-3465876382422048940
6896139695138088387
1344377260347361052
-1551194968867883695
6793271507532456153
-6843769994007250237
-6382385920432087703
7782655728421541683
8574847257989301506
-2410866276541266372
7145386625616652951
-1648422376176920059
989099279237673344
-7753338798323485826
5682944382056171865
1561479270216006377
-8700922028469894103
8643336790796573852
-3014574682035557690
7657093322676325892
173119853705343864
4267760277685444333
2222567761969086172
7831757258980678399
6989864291356835595
-5401857137287102581
-4637477236490457861
7519029584985901447
-789291213792464860
-6422975845165031465
-7850850788611056538
-1610518356632609330
5873645116039834153
-8709686326021438989
8227450514707238086
1181599633350952199
-9115080284977083611
5436211346215361862
6557991175726317222
8543574286397731309
-3201399209319293884
3163730179747480316
-1981894285687411720
-429485847123965635
8824039539047699034
-4781534275383438716
-1558472004394659698
3544417269480971831
9194805335647084125
-8066220510041735664
698020240322085538
-5522348071550222559
-1791883826693943833
-5942023587406520552
-2425602530745656498
-6365273476589465148
8085478471912635317
-175071765837210921
-1069420408318087403
4439457924405903341
1147621710756515882
-8392847040661563699
-1344063952175950247
-3710087620549807123
2317298333315060173
2489861313934228795
235704657578903010
6319612364462384410
4540967500227986886
-8910862672393039446
6192577714225608541
2229078946013246540
493611502739660901
-4779289072371034780
-1175815365601222182
-5506686095733286815
1867638100163806620
-4531114447259534343
131536142426653262
-4290964309397464391
8661641123364510080
9017847253679747004
2478625299670742031
8313836592924681146
-5118085761425055541
1772386963579676228
-3302794719234451109
-8008339738072524979
-8284681370297978531
-2498938680468470548
-3132986527272610863
-8399549827417423521
-2174766238044687689
-7038445262055713454
-3888226025555456779
4146405497155932769
1788212030309133950
1428258428391475675
987745930485878449
-1865477925078455351
706461528292946174
-4829016283515088338
874861882778692559
3535382043882257551
-1006821261347227228
6074286473545564085