1408587929
-181198974
-1616752292
-459903309
440979483
-862226170
-1748534650
-992634247
1348163693
-183767285
-1827641228
2105335453
2049552796
1510288764
-1395926481
1176986512
-1861872700
-841436606
901735809
-1365089908
-1982048061
-65648923
-1556244021
1108634838
1646431535
1193603193
788200469
-1449737662
-1752359799
2007005623
489566311
1584945148
-1134752590
-1845298327
2054743126
1637529220
2089942173
-575404277
1155288801
97836538
-156181947
-1911728209
1674926461
390642587
275481569
478096673
-253114771
-1118047349
730122327
687650122
212920407
-1731394860
-988841235
897263577
-1711816940
1332346286
2145291846
1087666207
-1840673337
-209818112
2112318091
-1089945286
1780694576
1113724455
-893979929
-1360539531
-391568062
1542102005
-1238569415
970879470
-2078540558
1612603387
297322245
-398892167
1791174481
-509147893
915265194
-1393946172
-590377252
-1503237128
-269176870
-302545989
-266618861
477702047
-314434491
-326625234
-1478305721
-719475414
1112785303
521599408
-237894216
1621607571
-151150171
-332239680
1685312735
-216269465
1691544034
-632398802
-366479609
814164940
-1972910569
2080950199
215854625
-1897778747
-489608621
-973866766
-1562301991
-1852663629
1124255775
-573267344
-914808348
882687774
-1141202186
25185565
-1743568485
-1549492555
1001191411
-1351960596
-879544115
-1893306733
1184525516
2058816947
-297695792
1495311811
-2077902338
-1031006893
-1558950695
-302177786
1197294665
515424283
-1143091059
1998550739
-1069524641
-1666663827
1989238743
1985652894
231670743
-1518411102
-1886860036
351328349
716089959
-2094675414
46252523
434348871
1142746706
1149543672
766215641
-1434174754
-930251489
722029340
731056141
-1986102993
-1478047349
-1415696208
2034516984
1569355096
1444732863
1563260920
911561352
-1071358901
287885509
1296073157
1560329405
-1520266800
1481519416
576561177
2042225531
1782472144
59262779
431738640
1392480418
-1910265393
-904789076
1425971197
1839072603
1767936698
-2054335848
-2094365997
-623699531
-615132446
261082864
-937117242
-1982054033
-407549880
546506109
-703151311
-962622953
187439898
884044561
-1908836935
1352525395
-106280835
-1149718018
-1323791693
-915514754
-1018063475
-5469492
1267888834
904322678
-1791873375
2036194341
-1410445116
437323955
-2137295149
192122388
-342081809
-749349220
-1154757697
-453835666
215106102
1328358933
2066891145
-247937905
-2122674191
-61688740
195140389
2015969866
-1056044612
-766790123
-1862008110
-2090006502
-1757408354
-735748958
-1579989274
-11882852
-1408292755
1761991864
-1332633903
1071929153
-1323315087
-55653841
20659291
1841667646
-964829624
1554570520
-1368838864
1779054536
1413092872
1371436052
285364381
2050272381
1964548778
-1175754781
-1478531684
-1320163035
1927740837
1782449211
-1617726195
-1100114535
-178901799
-74565158
366615622
-482449662
-1163887954
1168989662
-1404994611
664854855
-1139798915
872548948
2059259491
-338281536
-504497362
564720654
-1053758395
970218799
683135521
1936509368
651181741
1378296559
-1091332015
1886679085
-67639394
155346797
-36124745
-1196937210
-425582111
1917418455
-1584998676
1321445492
-5890742
-748156652
-1511507695
890477391
-1890460865
-249328653
636155890
-1539578258
-282669190
-791945050
1772506217
206782008
1152993549
1235521905
2006374656
1332182395
-1154553946
801627293
1670474458
39231100
98083092
-564157005
-978950958
1528148302
-2094458103
668976614
707672292
-1153408153
-2079302367
-1380945968
2094633931
1080093807
-2066604253
-1133602207
-517595412
1242133595
-1979959419
-1579964653
-1253901198
-1512749382
444001845
347387746
-1619107399
-872847537
1057044374
2040358267
604500975
-512664609
-1811473464
1183896627
-546714888
-1202831541
1692454444
1907837498
-875282798
-1065651744
1265449255
275631248
-92872262
1554873069
1155727909
697330743
-1729933235
-1117458539
819939808
1177500457
-1961053455
-1204260121
1651092705
-1167516532
264314165
-650763477
806963270
-1540955101
-353883658
-2007103362
822003398
-1708885752
941914629
-1019455327
1001634290
1381822359
-355731194
-473717747
-63978563
-1362506067
-142275430
-688635830
-2146937794
-1581976558
1364529600
819954560
-406323277
-354431949
558812280
-1117084339
995537097
1941557524
-1597657688
-1625401127
1866218265
-435452796
-1663757501
747467816
-48557578
1293572497
626583208
-1968293713
324609893
681394494
593968455
1411846441
-1698089108
1243663987
1378934666
1548277930
-175701105
1274357044
1126750705
92143348
-60996969
196028693
28408959
-2020139512
-130791275
-1528193299
-2054198188
-2016226048
-9131227
982136265
1145678747
1141373979
-1673959945
-392582365
-760759386
1496745497
333529995
1845329492
116211030
2100601545
994545211
525657926
1820636096
-797772065
-521646722
438436973
12668172
1093401867
1874105194
1149465591
679073184
-1308629946
916430458
-1454257087
96287102
-1539342482
1916130193
632792973
-570214422
1329469973
-887434177
194131698
306326864
-1423227243
-161729214
1850970259
1568479075
-1267533465
-950363826
-704697069
569063305
1303610804
-1763494896
1349273672
-1559431307
-1086435540
-198182544
-2088691410
706212885
219235607
858062102
-422243043
1683903151
-1266386263
1803929136
-2024295874
1593033798
-355962727
-1220174991
1065114939
-1978344638
302441460
247597916
-1455188427
1073452879
-977193426
-1461242687
-125540101
-1609151612
-450575751
-1489923193
-1839680393
-951827768
1153348697
2054772140
2109863275
-905066895
-444714120
-2119205750
-2000451491
2097376045
2123167926
393563739
1066047184
1405798437
-277634940
-1963271169
403383220
521993311
-2122297742
1410965244
-1359156450
-2023905693
1069250053
1852601285
-895874757
45560353
-1256203059
-344558530
1730976898
219390225
-24630857
-50432385
681039656
1410805916
-770337377
2128425944
-1378077735
-1145797958
1039700265
785931284
-413285980
-548918053
-709004335
-1710941950
1638841142
1772343563
-1932752833
1708181040
-1810899638
441394512
-403830305
393666809
2130391136
29855062
-1550325839
865563842
186988972
-1074976179
-1563140003
1628538752
-1616132271
-648641262
2146290570
-898020740
-1108816946
1748121228
-1912789905
-256240806
1037237432
99627608
1983785385
1810915671
507324585
845322152
-421190065
629699281
199260280
1033907304
1616885827
-1670238452
-2010312790
-1041176927
44771274
-100440014
1755299879
-1666242526
335553631
-1607616101
-1475164880
-2037477284
-1380123965
1748862543
-798312048
-2023520114
-1183541160
-928261176
-1419756271
-2053837279
-275124305
1357200635
809106737
-1072464044
1889833567
1736677785
-2125327083
-1589055973
-2113629160
-1969621615
712833214
-1272267452
-284620041
-829127462
269967226
-1464120356
473809179
1461206894
-1327242852
-184175920
1727654775
-1569115751
-1976025745
1363630294
1814231529
-602993549
-779782297
-876322675
365155468
-400311638
-12236391
-1728949021
944380489
1706032516
956995180
-646531146
1262498996
-1563011549
-635841904
-148023619
-1351330539
692895499
-1228301777
-1086027095
-1695961405
-1947600415
1044047203
800834695
1525842616
-158108299
50040807
-596439705
732352610
1779765250
488450064
-1849664446
-2099986505
-969131596
578107645
1248454168
-926607221
-769377431
1801159693
-348992423
335502117
1564059067
109960593
1629080965
1809731087
-1487459266
354984130
2134891542
1098847532
1270771973
1931341557
946257821
1956783632
-2049735573
814034444
-598334422
733392267
1739201807
-943752657
-847791120
-1463928185
1574947872
1929707196
-2065606871
-784350701
-2110869030
79325819
-1391585737
1667125439
-354912689
539816726
-67757557
1855520041
-2134799766
1195809735
1179014858
285143000
1561392432
2092151635
-311399251
989566024
833171785
68009270
1399106344
831276869
-2112692545
1378826783
-683236786
569513596
750406916
2048328606
412018291
-1610128050
-219340487
905522971
-804066798
-1299543321
-787112787
864463882
-1835658767
-869548657
1418020771
357831004
-988452990
-29499585
-117898153
-321171912
305237388
-405864585
-2112041405
1782250
-802104566
-1964595634
1291168158
-426574053
709738579
-957006646
-1904441563
1250393666
346282618
-866048399
941432860
2019705690
1246779639
1456693280
-461893993
-439149867
-411002490
-743524326
1593288181
-1201221168
-680255921
490337123
1941655469
1053150599
-416988602
45511759
592801868
738207242
446582740
656553557
-1022093122
141834288
188145079
-1661127896
793577419
-1019747636
-498100699
710378760
-173424668
414966558
-1528771529
-17900972
972600608
-756808564
1251115909
1668746852
1289017216
-481945711
-1118122483
512949141
952434042
1559028725
-1224104872
-423634268
1955132085
790334014
1056414687
-1178156225
-127783152
-1184823194
-1384177750
-1351802407
-192775704
1511183821
-616689863
1062614717
-1465188966
-1639921039
-375920728
-1231752603
1957334854
-593246885
-1362175219
294568716
1058156246
-1758738852
-1265862108
-1077598334
526582590
-941003015
974705710
975510334
-1284942076
962207395
1175007509
1457041337
1353472259
-1495458261
1679673811
143156985
51553643
-1014264204
-1248320747
-1346428053
-313009397
-2095837591
-490082789
1560068342
-1762672430
1691765809
-835283999
-1238324404
834125714
-863373919
-1835020669
-1810430590
547337223
411024370
-403180323
-1601685790
-2088805096
-1958584653
-38085519
527692032
1138616924
-532090368
-975669875
-969014518
-691704097
-1865755660
-1872067155
-641429916
1762933797
702088539
1478566941
1337749620
-2108003986
1458035116
-1075323678
227145145
-428733637
1462710837
771726810
-1836504542
-203104496
-671696744
-1243098590
-149267811
1159360380
-1253651339
1395871671
-1845715987
-1871317930
-187819928
-368313505
1137273536
-935627960
-1487470026
1358055113
704755968
847766673
-349738430
1886645491
-1320289175
-2078253050
1884843589
191336651
-560459173
580425305
-153410755
-1427037671
2042563824
1133583005
-809862490
1064119451
672283985
466763785
2004469479
2023716209
-1446899899
839946235
-1720544497
1986235067
1498057226
-361489344
-619986496
-169596544
-674985368
-1043582574
-1932581013
1615371729
-364377598
1978478177
503452605
1561690414
-195360785
-1941012010
-256344488
-1502577881
118351496
-1797581036
-408827195
-1639126970
354374275
-45698880
-414623831
1937869612
-1081145536
-580978493
695487799
-752505863
749208674
1861699662
-35037466
529943025
452987042
-1065718754
-1350142877
-915782821
-1686936097
1960192
978546119
-1448699988
-1644068232
-1553562473
1048606476
2113021925
1725930462
-748284323
-936272195
-375744200
-2007196060
1444340967
-1277123603
-2026750479
-1400232359
-1732701332
1983459177
-1331091308
743177816
979035015
467856432
490851649
-1716474147
956092219
1693463331
1608766816
1183511323
-1420902600
-673235464
-1554642567
-949147891
1024713052
-1534651020
-686656157
732234443
-1190206596
-1087852839
1425418912
1575434014
288396899
40889500
4211975
-197148842
417283354
-1682475430
-9824861
-908788646
-1781724055
-224551923
-1499686949
-1889997569
1043898013
-2094548870
2116392146
551884701
-2015731828
1402259181
-1181673200
-961349409
-311544618
1406607400
120725601
-1964241957
704177773
-944205160
-1758487555
-823541918
1021119318
220940746
853096169
653192344
1087078064
-2122499811
2069462172
-236346682
-438853387
-783614537
269567460
-328901522
-457709185
-1419088964
-1153265654
1069740447
-88110002
500447933
-2056314316
-95626357
-475645944
135759214
120694026
-149709482
-1811992512
811143324
-1264709476
-1629002192
1838237690
25922909
-2036296573
-2088681307
-908754834
-1699919224
346054213
608133939
-1896198132
581634407
1159586302
-2046986724
1562760640
-1035015765
2103085371
382395006
-1936622473
-526540641
277998633
1473150624
-977415456
1702064032
1831532782
1288186765
-1952081034
-1386902068
-1681281706
-560580633
-121415490
1199831290
1737508530
1848482804
321706445
-2019368471
1919486972
1423008509
507284237
-703453253
1780487743
507958743
-646410432
-1602447709
229030709
-544654655
-1729895229
-292561443
458260017
827932273
48634647
946434270
594783039
1731287656
934960285
-330053683
-2066349943
-1981166451
1847513248
-1959611599
468716027
787215354
621386137
-843794710
-510127318
1383999248
-356977747
2068488293
1934611313
313415376
717764473
-1908028405
1165899869
1240666989
1061930258
-1315910151
-1332678070
704628252
814881607
-880971274
-1416124595
-1044237265
-1270309080
291391137
-2086342571
-900948127
1806096331
1750149098
1163887756
-1093593229
1898652237
-1274839869
-1880082686
-1995976457
-1784667625
730864662
-1138775411
1721996651
1506963810
438439160
1648418794
-350969719
-1563273732
1141282335
1941176871
-2079621412
1108704843
-460566383
329192773
-466435690
-578221422
884224414
-1003459816
2007997344
1038378611
831832080
614007410
644266995
-7227724
-358684512
-1909771136
1510209830
-1937187003
-1359534678
787240051
-2036817337
-540646015
-1525879260
-2085739166
1837992173
500675252
-1949982772
632244846
1759713421
-1920304419
-399550304
-32500442
1099632396
-127579212
-1190956141
-27568595
1011657366
1080788974
-376988547
1060705306
241000621
-670084418
1389866834
-950317921
-1964674428
1448619935
-997075306
-1961679892
-431426931
879581776
-1618895600
1660888661
142806864
-1222698208
1300096701
-1675001807
1315616638
2130353003
-864484089
1475825669
1469377350
1479016035
-2029954505
-1799850270
-1258664218
-787824109
1969504295
1790544651
-255143292
1201188001
-1752422854
-1280323366
53707582
1910229459
198056592
-42902045
-1215833730
-1705493292
-1721093514
-1016477095
981538963
-1789466058
1774552604
-2040654672
1247515517
-727564742
-929320055
1847106436
-1513952505
1951568719
886119634
-960474695
201038107
-384041768
1617843593
1647087842
-1463198383
1734834738
971010932
-826724890
913792712
-1231170059
-232704385
1999942624
-1587538119
-39144072
-1775944718
1153231175
127949641
19045530
488485094
-772013233
-1635642339
551479744
1409169397
-646239347
987790899
1049562649
1485764144
1558526945
-342818448
955156008
509475669
1264505999
-1845954956
876828291
-312313535
-943247185
-1901466315
-390000424
-799572317
-553165625
593709259
1319675184
1459300594
-1463045194
-495893368
1857913719
-239435360
-1134705197
-2108770741
-802369221
2194063
1175653973
1693458965
-343165004
-1528185404
841423604
-1720454436
1901989380
-1191558054
102631888
-1369641825
-773397570
626321592
2083946898
1060711354
-803688532
1376675846
-2092922928
1139361147
-1970067764
-1186953508
1252055478
518020596
402194332
2142063932
-996234527
-1544599790
-406313577
-456815166
-225186162
-1883636498
-1568464642
-2009846759
762744563
2048398179
1537390299
-1087187279
-474794260
1486219487
-374143678
1191454638
1236832730
1666560638
91201498
-2026217181
-1222892088
720155988
199651483
-1120847745
-1120916530
181027082
-1847500584
-174824121
-277607750
-696565845
1280511616
-1070340347
1086281708
-1309249857
-1702686304
1493317248
1268875904
-750086759
1870304811
1445451308
-949056334
1741245677
-1459991043
970651107
1611888510
-983684187
-1890648291
-161407531
-1689041785
1265331444
1122644546
512496829
79147577
176317354
116966808
878867797
-2138106319
954158794
1804167107
230139659
134412763
938828633
1651588900
1384001013
-1293329060
651239288
-667074214
-1780840959
-2119383885
-1427883339
-765264118
-659817104
-523930854
1311754141
-1379145757
1973699204
302020786
-201958763
-2130556196
-1822582665
477591134
-311866903
-67660096
2070603695
1424374766
-211723483
1221566187
1297882416
456762496
442790307
1435822165
-714830510
-771402462
-264301979
-1166654769
788024755
-12303940
-1617833692
-747752819
-678380946
-1113449428
-752878936
322498020
-333997428
1489637810
1370361946
-2004487341
796628922
-266765682
-250353385
-1046578233
-773325508
-2400280
-1525707962
-292926182
-1723534815
-1810105361
-2120018900
1515237596
1413784248
-411985853
-1969667970
428577622
1821707586
772435607
-277779913
1801391819
-233478680
270888850
-978514004
-1840781567
-1016510993
-921299978
-1333381155
1884797183
657660457
1330748419
-38320115
-1902255337
-1880980306
1225154845
947003027
1172859174
-1449482804
-1247535700
-953317646
-537372390
-1317044165
432426819
-473081049
-537300044
1593371797
-27257085
-1055201726
1472535950
-43200508
-1206174655
1908956216
-1317741473
1322879548
-1764608666
-1382843658
-1840716674
953470636
-651732201
-1110923079
690715300
1426218223
2075765141
480846748
274869749
928599176
1218032741
-263448974
-477483455
2126897102
1621602355
-625236266
1225605766
-1423896027
-273828110
1267486847
-1257167943
-849980050
1402448456
-734125608
-474267707
-1222430016
-648259543
228371919
2109679827
-1906064809
1430373825
-1974745364
-1664207668
-6672692
1918944407
-1627629658
-907865829
-1685145722
753546735
-2069500943
1842106039
-943135120
-1242390417
1775681563
-1593496992
-1736839956
347012100
1727359192
1931220264
-1485087738
1918359558
1131178139
-2015706828
-1232819220
-1181335655
1885947430
-1319389500
-2048047458
1387266135
1180563556
-1502235280
-1669854751
1893676843
906804086
1285907891
-754944903
-442808449
1507042059
941760173
-810487146
1918345369
1500413428
-61684700
1793916302
1788802370
1723522807
-425459509
1670447820
1572325800
-697082142
-2045681465
735397384
-899056763
1771334627
1992757358
-1019202888
1330063487
1148074519
-749059247
132632773
-1067968815
613198176
947029884
554258561
1313571883
265761914
-996243205
1241047513
-438305065
853032272
11733408
1977305798
-301683428
1128024716
1035669764
-708972279
45950695
-1550906772
275552458
45697815
-1875458650
-280678692
126171434
1746201681
-1089958281
260011712
782670253
-182214537
-695919998
-1562085232
176335413
1057049182
-1768414814
1387528746
1772349504
650344929
1981778762
-1374674462
387855469
474541333
-1219876442
-1348129570
1715010622
-270307136
-813399296
446387873
-403981282
1222300682
1176391013
659664356
-518906458
-1417747595
1650032775
1611371180
1254962715
443129610
1631461861
1052178840
165390651
-621666348
1939615529
-662499205
1711977528
2145640594
391596752
1063524394
-1401002748
-829071961
44961551
-434468970
-558923313
1152663637
1994992373
1042336796
-1327373107
1473022250
2013048268
-1992017125
1035882556
234057145
-899144507
-672986937
1441201829
1347804557
1313369811
-502114244
1376678753
-1879711142
274229974
-1567835946
-1332981922
-1310634122
1439425532
-1216699201
1961111075
501183622
-1061003164
-1003760440
1684983569
-1875196036
382055939
-1460568708
-2020208917
-2144945728
-73233973
11979122
1058567575
-2020528979
1193745673
536224995
953244709
-231589570
1312230670
-746639749
1540288272
396640008
1030285585
1886019955
-1605398332
1115254379
1464648275
-690696993
-1177264032
-203210236
-926344572
-674272188
-2012288836
1406376805
-1259482011
-778898067
-1152631891
-2017036536
-579663186
885141374
-899678841
-1445041280
-803999439
1066542921
-684317469
-840079376
290726974
1632687328
73036449
1034315201
1296042569
255329898
-449780176
533463439
-56677430
335782970
2089464332
-1829032093
588883300
-1684037091
-839420792
-755991001
792729673
213070323
-2048214835
-367419818
-1703428900
-1609299072
399115298
1345069042
-1832748137
461757827
-680004755
1955961787
-982175698
-19448824
-1170920199
-802636899
-1100186892
1101963258
1224223352
-1481779607
1299367038
-1167111173
-521593012
271913672
-107980923
-993580424
633306881
561202539
-769084144
1844705527
-913119202
559021703
1716946642
-1897966413
-829851875
426670720
1982452688
-434733975
-1259747914
-355833372
360864582
-1633952908
-1279845789
11322522
-1619379765
970830359
-144536544
417340506
-1846330189
-1677824231
-914088333
-933289377
1696303028
-414151017
-1841620565
-145271717
-924553013
-542043627
2013602668
1098187947
-1666140576
92857813
1641012074
652947916
304968616
1542375276
-1325334413
719118604
-40143030
-1830256239
-630365773
871690372
-2113609659
-547122888
1173823539
-816540603
1496655120
1131055071
-2129656670
-741346608
-1677203198
463322918
-790303400
-2030857012
2047165428
-129289819
-909928297
-171664398
-175611868
-1310028551
-2103685357
198767947
-703098277
931123488
-912969036
-477889891
1399017554
1253576966
-239258215
1420244770
-489445039
-1900468129
910753120
1685996411
1440883993
1691777719
-1784400220
-1833440029
-2097664764
-890630202
-2109334330
916331431
-748133527
456302857
-253740560
87108821
-1180988091
1384934541
2137695063
909292339
-1729105385
-1729896179
-1895746113
-1922641037
-2024516086
-1105299649
-675703228
1041412004
1704325721
1420250218
-506332330
1412535786
-1729425426
-7187908
-686489084
541189745
-1665521587
1981949913
-1169222786
1529210014
959951024
111800375
1970675412
379840391
1483928434
-125453912
-1846760701
-2016109147
-905143376
-713471304
1297450290
-1299884088
1012389676
929982520
419270456
-1837134006
-497995147
1703471258
775254626
-1593435257
-1494969532
-1810356097
-2024981902
1156303500
296613161
-1823296370
1199578345
-1850846963
-1510552474
-901628793
-62984055
-1589918308
879506203
-2095897705
2083264788
733485848
1630028962
1566327277
-737940646
-604287389
879446844
-1758942324
1272499570
1171798871
-2096651284
1071026275
934975303
-1882764039
239959203
494635418
-497748138
-2087748369
-2005806948
2008016942
1451810741
876303919
-197245175
1319622847
1254178646
307162873
-1014114321
211447976
-1509717108
-1391522298
1911839566
384038992
2009128399
2147020545
1311598212
-44955969
1081387451
-1181918666
-2016338958
1708999284
-831893666
-1953954935
496226527
1392368500
-137163342
667903144
-851464804
1879380646
636098920
1609336452
-404378647
-1430822306
-58926105
-228233732
-860514409
1627921463
-1173774701
-531226661
-1849494162
-1232039899
117909074
-631803900
-168364976
2087325897
1661731659
-1936322581
1758317726
1219717383
-860579600
-1566076857
-1249889831
-1904240939
-2121063874
188828165
-2044740980
1953816406
644167235
-843029889
2050450025
-582971354
1904120032
-1766760723
1374653106
846529015
-1173281840
-1602684133
-1262019366
2108469340
49722344
1629960028
1206498155
-1104774428
656443040
966316478
642051370
264004459
1830151121
-2087018882
-906146184
-1806213717
-1372426305
-1073384514
637883642
1746404377
1776394586
838900853
94347644
-1818933778
220518593
84149926
-524329966
-1676713341
-1350182394
-1089298220
-1379387776
1082574305
-797986760
2067307188
-178147109
965450392
-956023651
1893760292
-1842903953
-1718344497
-1423641025
239947100
1044076771
838154908
1422499241
1186410338
-363190373
913927574
2133321970
980106179
123335005
608745895
1138453498
-1742308225
-2112181706
-1449407194
-1620229901
-1108392636
1832877982
1070808612
-393267933
-466658593
-776741670
977027333
2119597543
1661246959
559010209
-296635310
469645818
1055206619
1949679362
400659918
1786397431
-1441844987
1537568388
-781437754
-2052648164
-1962161345
1529804686
412333485
879477584
-1861233795
1409685257
1690811111
-990943898
343695308
-1779638973
-322812187
-1739374941
1332496003
912184854
-1020777615
-260594051
794496951
-2138828983
1961925194
241798565
-1597699597
686006581
-1570985229
-311234233
929527336
-1255957077
-1904154169
900251280
616759010
-1533114091
-1762638767
1970596464
-1443762500
678740443
1043916506
1682162081
1829165590
323123719
366534466
1030206695
473935876
1879648043
-1738958573
162997656
-1918605687
1600490626
2006877906
-1801718178
2137503236
1343865684
660901017
1988420667
1741920234
-427498081
1974796258
-14357555
2045934773
1410875123
-605531996
1307393747
1908501787
108275613
939634595
-1024291345
-1631155581
1674898951
-1058126332
1580640940
1907008180
1377464926
231199263
458999235
-265565489
-46442379
-907821672
-598291046
2108306815
1402926057
1517617328
-888491764
1827649646
-119057788
270034648
135170671
-1796885254
-1536751386
336070791
276625106
1559517224
-2045467295
-1087631795
231415174
1375823320
227011877
1846284582
-1786106913
-1313602758
1487619996
-1056592877
-1814148805
-1979304832
1435368471
-245230874
-828225725
377749972
-630577750
-215104931
-1059089807
639858572
1522237779
1314037106
1656104657
1000338844
-1905100191
1353059313
-1320645366
704021068
455153939
-1415451062
-1594088545
2118652970
-1128941698
77101736
1117665394
-1555953855
1446092980
312497986
-1107118454
1333539210
-385352158
-881359376
-759600107
859785890
-2051819718
-579799808
-1916588880
-1575118147
-1881594031
1634322762
302011365
-51174182
103992777
-1174358655
-1264161804
948027447
550919282
-31788340
1336081621
120640775
1766967341
-379081068
-710031491
-524308382
905330642
122421663
-1221791392
-1942707331
379661651
-525417379
405922871
-1908252134
-1817074399
884790402
-822221310
1140872257
-1847924786
1429446612
2078911824
-966144208
-1788159501
1497958469
662402494
1910729103
-140143021
203748676
-701802308
88399592
1195736640
-430823857
-1827803497
1624847957
-2076087235
2043747020
-6718542
-1766973318
-1796150044
131146521
1866083862
94814389
1103143433
1522593505
-1381093586
-548055660
-1557711840
-391566159
2137689546
-1327336313
1303213531
-170324278
-1344912275
947899606
-1612538345
1209387320
-1707548732
374318548
-2143306760
-1543807709
-871462541
1351191637
327928146
172901732
-229934313
1916265308
-1585184950
-1897736101
1127554440
2037468184
60969276
-675777793
337074270
1085020433
-1021955617
1446232373
427873718
1845051550
94504615
793032550
-904315338
-841514342
-950932118
1861882187
-1680821939
-584665769
-1222199226
-1983026678
-111673921
-506565167
-1726331967
-1626324602
1053122144
2066380582
-292517071
1301512946
809615135
-310194875
429596509
-349675353
-522793402
1845235430
1571480420
1513265464
305552895
1774754489
1403401181
-1418626622
-1395140071
-1422799903
1310186559
-425315961
38852108
-1936455261
378371715
1075006142
1452930874
1138728538
-1786621689
1144675492
1883357047
333154734
-1264757067
200952534
799210443
-1434009083
-573016732
-629037598
-229844106
-1463314120
1134038653
-240254694
-1641614541
-1235208054
-468648479
1504334252
-407129919
1226467285
1742021386
-1960072465
-726138210
-2037640187
1581045872
-1311970305
-1219020779
939083978
1692794157
-1157680501
1163812219
1861194121
-806914845
-686938387
-574973772
847377811
-387825187
34895226
789203452
-942931048
-1308123788
-1146222309
-409930525
131440733
-910314829
989518620
-795724391
-799503187
-100475074
845048899
605046379
1065604748
-1236689297
-124437724
1085200781
-739726926
965051073
-1669674061
1413696282
746533687
-1362894479
-881847270
-1498976424
1751747722
1194398818
1627087565
-604733121
-1509563993
-216697280
506991066
-1818233541
-331331960
-1637647128
708680581
21771312
-1557663780
-148728313
789242900
-2000977217
1624425206
1788389888
-772027162
-1737254713
550859016
-674338541
-392403766
1250209070
1581617552
-2128034117
-1274132083
281999841
228487185
-1114355882
57282260
2119040024
607682822
1650787339
-640696788
966849758
1905177107
-1814525721
-461978529
847015376
-1165227651
-1185615543
289333257
1009305124
-1412478756
2119362176
608757098
1592658925
-1401321713
-1214880590
-1942525060
965584284
1794635119
-2144048641
-2044414393
518950857
663241798
421655525
358380148
-1289145549
-130393470
-622137627
1824331296
1651250949
791237797
-1846150041
1099823859
1677914971
-1999569153
-995872038
-2032892560
408807427
621035295
-437634017
1174662541
2056182663
-1940119418
955414055
-2088207226
1620002411
490633374
-248645158
1147687917
838921906
1511413226
-801854406
457249286
658528167
1430761085
1983036872
-276109487
-1563956775
839582128
-1130087386
-1619070617
-1454434458
-1426792177
-1677354499
1686630153
1107361916
1119392915
1177178400
-1862164107
-1009099747
552881686
-1504115983
-176394501
-269047519
1187553282
1616820995
1895832272
-1634669695
1424239436
-1765722112
1814144546
-1510180399
1506261152
1079140045
527281772
874422030
1251356893
350567403
-68559605
-868608870
-704173884
705115936
-1652212720
2020186243
390722539
832986454
-1267170218
3613707
1762816759
129492162
-116082473
1620149860
-957869815
1468026696
-963665093
-1657116742
258122872
-1085223139
2051212721
-589105033
1283991233
10736045
1456248322
-1479683902
1396275131
-1531128641
-355854877
-382679993
1858838542
-1718752809
-355591030
-705057219
-36813083
-639136805
-220240509
876968356
1742163682
1293789945
-1231177533
1309206991
1698090578
-409529657
356827133
-2090932447
1609946786
1433046699
829840692
1575506971
-1531592944
1551855740
-918858095
-488264043
19719845
-757244567
1648520053
-579665589
1482236257
-902724327
-1907153198
-372053605
558843064
424519444
1164640950
641578380
-401438915
164072033
-1689210584
-780804590
-413816932
-651834513
-2033017289
-1951178353
162729678
1282483256
-157089969
-410271075
-536321657
-1999662429
-1944779826
110407434
-462080783
507576617
1545861846
-321154269
759421599
-118794821
1952875108
1462541621
738097084
735972067
1360860065
1187509584
1516362626
202618665
1152155768
969682254
-1677539086
1308239543
751449704
-2037830381
1737598913
556788543
-274113894
1767841557
2029244561
397444636
-1462430923
-1392434914
1294526560
-577335113
1263899121
338410832
493223749
-416446676
-1031621654
-1101303959
-1892194728
-1434248916
1304447670
386906696
655716594
1111631140
1384997561
-1393847888
2028442902
1738523039
487660215
-875815861
-1984651474
449116392
-958078806
1593512432
1047915769
-1968825614
-1752881195
1999780392
-1460739133
1893910908
-691082216
-1753624850
-1815538217
576201328
-108947834
1816381366
-1639396558
-1413436276
-551413964
-708685648
1022681465
-111941053
823478355
-912788915
-87541973
-351160603
-778768767
-723243775
-1120791014
1669583357
1065609819
1318554954
-1483845353
-2038285063
1197174614
791051249
-1877669652
388845328
-1028369457
643976848
63786126
-367352992
1418514015
-827040685
1208813715
-790608554
1637626996
-1368450302
29620705
16498514
789286429
1084590142
-2072602713
1741221769
1610814244
792290058
-810997615
1779877677
-1729501855
-1277888115
-255166665
1713788876
255237197
898469653
-1934566955
-993864971
1132754389
1765252703
1706262849
803692576
713703536
-1153008619
-1516944615
2102521039
231559795
-1616568937
-736799941
1068522224
1874600611
-1769076738
-1219649414
-1542999675
360797707
-1857770659
-649213811
147534726
-325495024
-1225609655
1104992074
-2095873787
272746946
-317723237
-1153743596
-1698421101
-1938067084
-1880869773
140634258
-630178078
1187797902
1394471040
298962849
968166059
1769563041
-1335269761
-1227607157
-489970991
-640981829
-1096275199
-1823933320
-1132386106
1181068284
-266280080
1226147876
2060917038
-1393000343
1962644307
1328326610
-1467767615
1609815039
-908133936
-1169946240
748958581
1921741323
80200562
601522267
-1334676005
1956593336
1954190381
-1233788811
183412936
-701539351
494808478
1630953908
1920462648
2083342152
177943958
1682488845
-1066015120
-1275574881
-1967955751
1520402162
264558690
149204838
-1701181918
-554750456
-1916260268
-1659702628
1806982506
561011997
2115835330
-1244373542
1204285289
-1532642983
1545687427
-1456928604
-742262436
-1064067662
1109451051
1455648002
-1096103671
280615077
2118048945
-1196194225
1537496320
418879778
-1756065200
-677082800
503551266
-208881977
843840689
-642414201
-779591834
-303380143
-383191223
-626614327
514837722
2117845839
2051462400
1972987406
542730984
-945093609
-427410157
758963335
-1263026981
47781118
1786868282
1277823990
-1140272736
296846786
1738237964
498596153
-1675890224
2103286859
-1608496478
81968678
1551215085
1099287443
-738960261
-1807033442
1144239339
1958684129
733499039
1292835036
-1796830478
-501137860
-1256687866
-1818983410
1420728418
-2032915169
-563181255
242575398
-498638569
388869224
-1473006279
1846103025
-1752493075
-588284266
-1841606496
1199918695
513626758
-1968663245
-276009466
-1898613691
1804874058
-631395697
-1204615514
1933884121
-463293521
-1095417170
2059901504
772998172
54020282
-1859238013
838232384
1014312965
1354566596
1822930013
1530768670
-1452476645
-1681207935
-319617888
1034711816
1823169100
-1077991106
-242067016
1071774911
-2088125443
-1987892631
241077323
103271358
-1521289630
-1842788778
-941581139
-1031882080
1037501198
1825222208
99432088
991545538
1977157581
-933675635
-1261945828
105348135
1502665905
631998549
-150893612
-277545572
-814325910
1113378340
-1617201574
1711559452
-836884517
577950975
-1340172548
-564044683
-1403751959
-1051201371
4588463
-1235782102
740053141
1993849366
-265680829
560195227
-49906100
1521564504
1904140504
-287344285
1974754941
-1053191304
-471849072
1419504897
-1802435476
-373926193
981002629
-482863431
1846760261
1137127302
-505178371
540532924
-663123084
816480859
-1826864420
320571014
-1021322957
-1079960668
252896601
545502087
1872279652
-965662572
-49113612
2133223429
-37273184
-1874263876
1611526311
808634432
128496783
-1572437036
1261443675
-570410538
-1770269831
1039142843
1611995293
717714281
-1899371491
322458300
-670863215
-2081791362
-457283135
1031175699
1085030694
1463421864
-344462198
894475439
-74036085
-856176411
-506633715
-584183240
-122968863
-851342777
1386810149
-2103146926
128512049
-529597226
-539829498
1840365603
-1532463201
1373617076
-653149294
-222743021
-252545569
840494978
1747731179
-1906027054
-304129816
1511194626
-1043943863
921749662
1395649256
1014905853
1822766604
627587014
-133523849
483367783
1505169172
116479337
-1391707634
-1923809344
-658526896
-215863933
969817786
-542992708
-457630827
473432873
-2010454516
1671512869
1499692208
-510050797
-1364982957
-207605760
1042483645
1883909211
-1059089395
-850791954
-493936198
675650692
74509209
713022165
1412054614
-1925803075
1214015025
1747215295
333701647
488678501
-1037117672
-435695359
-1836919941
1146661073
-1956567537
-1464306529
505887205
336062029
-397160436
1177170671
-1510379749
-342893471
515194670
-817943173
890477189
-37403564
920727018
1685436460
-1073649287
1432159477
1911982474
-2120352605
-367888178
-1873928552
407144408
-38014998
-1502526546
345494367
277275670
1465941579
96054192
-1576300614
729052976
1695486336
1759997478
1085167408
1738710836
-2098014964
-1759110478
171817310
-1963775487
494492903
-1970184417
-610233536
535410494
698258016
-108151699
-926146385
966837646
34605887
-867239635
791290410
-672801023
-368300247
-2120030961
1880431320
-1853384499
1984155464
-2006171207
-221517107
1951881789
-2025122774
1570956505
-879867508
738991848
-1299126807
-1100257411
-794303284
1246930982
-1398656372
-198576479
-2042091650
2116735424
-470763859
-2103895799
-345969393
511245798
1152068699
-1222214063
614900970
1320012901
2125399105
-2107299006
1534110272
1406505240
-327545593
-242903194
-52374517
1065631135
-679170824
-1279684643
916816207
-1406553521
-1579970076
-1888291982
-98982494
-559568279
-803603641
315202536
-1732601361
-1431193715
-374078806
1111885978
-568085130
371916912
642942537
-2028757438
1346106134
28096204
1386781173
-1435070440
1715611342
1585936536
-1073438149
-1517369826
1193838465
1915818105
1690140102
1664242874
796430585
-922007177
519987457
188701060
2063893037
756533747
-956151808
-462532255
2000419782
-736482856
58335904
2024487888
1548583647
319338513
-1595466004
831332227
-577311732
-37772486
627357122
-1410808783
-1182600547
686913945
66346421
871675306
504528932
881538127
-686356427
876733483
-298555341
896614858
2023673069
1915581939
1291230314
-1713486979
1449486188
530947606
-355984208
-1023184173
-1623561465
-1922790256
-2035079233
-2078940832
-1960423172
1868680092
-840208410
-1309472679
877511898
-1871995322
662984714
1379556166
-191704288
-1226886081
887061741
476107253
-1379410396
-1534081296
-1851519310
1847500209
-1860010698
609874897
471056032
-1914274380
349874693
836888570
1083852069
-853973287
-1631264704
2026909945
633390110
2007003797
-1233382528
-909490458
1753123157
1522682152
731553636
564208565
1618277707
1487436559
-1026583043
2080472011
-1472427466
-61047364
-1852829587
-1147769901
868575052
1246445448
-101030454
1598599121
1714271298
1188660968
561736775
-1001277578
-309018353
2122485982
321136789
679160758
1184488949
-1801608525
1956679558
609794455
-2036191295
-964787486
-1599717900
-1546439092
-873397168
-479195817
364661472
-1992724350
-1722651819
1715951321
-760506403
-981712136
-1731192998
-968813629
1962492846
1015069781
837077764
1371682298
-1614601426
-808685515
-64825702
-1045432806
1685087344
1098728836
327576007
1856158706
-1993949146
-1094756849
1744092575
-1652909518
-1391010490
151565144
1240816351
-1642901150
1723386602
-1047780183
868417656
-1874784746
-1506036617
-137285013
1671818830
538859104
1694118913
208736951
-1822320580
-1371088251
469165806
1356679981
2090599771
1512185074
-1518655272
-1240589308
-70951036
-1357109904
992745656
-750516126
1449817874
685355926
-1064809408
-1528229906
1195720428
-245848961
-1409100409
2136173986
369788098
-1379631171
-1122599189
-889917467
-886806123
-1630380147
2113298738
-2069938728
-461545859
-151607221
-231786510
238460400
947366310
-151370968
182392883
1337070020
-1687570533
-140750823
-1419809454
1189141287
-1833452346
273187602
-2137563097
190496377
-618173641
112828532
1475021930
-1400793542
-1097678684
-723333949
1394485330
-1362097185
1676357808
-2131647589
-2100886914
-451245592
734965616
-1712961052
1935211032
-551240910
1342464042
962457412
-811870921
-1438700663
-447812513
1946120917
-925394555
2143673729
-648100085
482418455
-1085093087
-1584273019
-493952982
1463398696
389756358
-889357776
-1464169346
-912384206
217031724
-1757759013
-836524657
590402083
706947502
817071478
1229727219
-419543389
163111468
-1036978021
-1793669681
-133281470
-591311822
115812064
1068915613
-1292877327
2112921945
460494444
-81001169
-1812184396
1417138413
1285181388
1871731954
-1727410796
966787280
444765959
543440759
66618841
-1876772707
1563009519
-286661329
-1602862984
-1355343089
1523113913
1548702838
-1506727990
1072615844
2001380816
595554258
677111423
-1476161923
-961718811
335488123
1465191889
-1277147000
1747603786
160464158
-1197331717
1623168480
-427274880
934124765
-1484636180
-1855272845
-2140807666
-796268902
-1537043656
582725860
-624801900
-446180235
515640142
-356701261
903344159
-1913240686
-628193040
-1134240613
1505558717
1179662367
-334301985
1151515707
2054425684
-1553572459
-2003569451
304700408
-1017131089
474597181
-706184265
303825953
-576037159
-1740393227
571123978
1593708627
-43953234
-1642176461
-453465177
789655070
51237294
-1799416502
-139158614
-1576640024
1420325652
812784876
252936112
-306186735
-701074650
1598896623
-950341312
622901335
291416526
1108721492
430969993
1556556156
689581162
-1167883644
-1789798579
-27688154
-997349408
311045595
130263837
-2047756283
391497716
1147582314
-1347604794
-326708678
-1755168803
1908867064
-1450804469
-2010950665
-1642051564
-2013405622
-227539309
-175210910
225355119
-1734993244
1343247653
-1727487298
1440910702
-1086644593
1128326674
-1155997236
-1132069931
286678235
972494321
762117486
531451258
-397625881
-1033050223
-1867374450
1980445792
1194810399
156821547
-1051213507
-435726077
782761157
1581490903
-56884962
1053637877
-1052757772
1996248897
-78434299
1171141289
1474329314
1293281180
1926386906
1003126414
817058661
-2123353643
813621443
287503711
-677573704
1902200844
-939265918
1802873785
-2078177410
-1974125505
-1588608997
597527277
1784484614
-755862712
276968633
-1672093929
-490874417
792441609
555720913
-331337105
-1694514865
654860260
1567172231
-1826879010
46443504
784244081
1022254161
1726306004
1665099866
-658356630
276961241
-1148734888
-1677209353
1439100906
1609990952
-64899744
731045811
576875478
1302519808
280298082
-802047485
1142980251
-419979896
-472591318
-886638295
-1892697063
1720427566
581838318
1116844725
-758464546
-1923613752
870434975
-857602738
-1392495465
-58380292
1079638401
1099115954
162488002
562042594
-1177924099
715352058
-877257048
-113123865
-702412619
-742252254
-576152182
-133070604
455486425
-466535223
1748638234
1858277326
48880824
-1270975692
1661044780
668689855
2117135513
1401293720
1203500973
-465225866
1043438284
1195407000
-1143343405
850303787
686285819
-462385908
1464099734
-1804308730
-1417809211
1542485763
-854040482
1634943425
443712909
-508068085
450977789
-1486118517
1616862606
496194991
-1345094434
-1004407505
-1613821134
1580435776
-688418945
-2126494859
1941089188
-267504168
-396511204
2021821640
1241344931
-594464357
-1518186580
-736322792
636806041
327366976
-1487113200
-1798149119
2032312555
1017962703
1481417610
1126865197
-742100846
-753316693
-1131078805
-709598474
-446808342
-1581582637
1617751568
164708686
-1393975094
-1287584668
1851393038
-116646174
726424020
2024664930
-225608532
1225171581
1535144973
-1945597769
465641873
-2119750998
1735244975
-2104715654
1187766718
1387814813
-534922690
-1135570315
1796114365
2044034899
1492152280
-894808863
574168858
-1987262472
-385252911
-1426819213
-922960622
-1387027320
1502777215
-1124901733
-817586038
830373815
-739715503
-1690876150
684514626
-1121427179
-1248234970
616521077
1234961994
-602621843
1517342427
1913124505
1212713908
1649933166
-1810424026
-1193563778
-1454784630
-247858803
-1543705439
1777245694
908047874
781126185
-1393027799
-37756536
-937659152
871594223
388155753
-608910303
2085365371
472306815
2140364977
-1289846356
-1281277165
142279503
-811788788
840612714
459597474
1227178704
-1716059504
-1237088829
-1120221951
-1350732594
237496567
-684978618
1997238701
1260019484
-999643538
1056120301
-518066502
-1602240145
1361599661
1778711461
1859958535
-1543674486
-1729975993
-1598393586
-867846222
-1414754917
104431170
-736427137
579857614
40592612
358445034
1189378892
9606483
-1853073762
-302478366
-447052982
1261253205
568946457
1189416315
1971642003
1975698809
1298803495
1554678600
-156540282
-1501166941
1376541115
36649457
1984621329
-1662359308
1701245900
2073362503
-1297166542
-1386645773
-441971073
-216688487
1007589818
-611684855
830294916
-1876661435
-1933047213
-1345431246
224947135
-10465647
877241029
1787382513
821553195
389642171
-1631435660
2133657220
-344607493
383576398
-236019156
77105241
874287873
876081846
-1650095583
-16571968
430931
268145942
-1722790864
-154067999
1443737899
-1934565031
1452064875
1394284015
1761715727
493659015
2030744020
-175074659
-2128323535
717352793
-1399934617
-487495471
-787438824
-1099406834
136353117
-1897854057
2118453886
1770270079
1628186799
378658136
1422329724
-922009487
-1782657320
854983242
1576060900
1076109354
133504991
-2079955414
381573101
1370507078
1398259860
-1836586711
1611988501
2038242762
1775696665
1069672483
-1245056701
-1024205191
101243811
-2112318442
1574685995
-2024669850
1036375426
632343761
1520724214
1793647562
-1736690594
-1469418773
520025121
-1451420393
-1787634238
1004102902
-1665630812
583668044
-88594722
-38495243
-228636329
313624715
-1912487288
-1028252918
266835857
2045883368
965675908
-2007128461
1474478866
-1918376061
-663802108
582186423
-412100318
-90066472
2074147697
-750299877
-2015686663
-422568875
1956271979
-1451496869
-1135362207
-1269440212
-1641962226
1358237846
712425369
132295274
-1975282313
-184844407
803558012
882552392
2144612486
1041707520
-1610679582
1139489985
-1550707484
-45793400
-715725242
2090996324
-1527827385
-1656414871
-790377303
-878279573
-1393389580
-372999470
-2022479179
1326504459
-1025853051
-1796199338
-1697056220
-1555208435
107027436
1097063063
299912290
1723743133
-285585225
-807835584
-1769641103
-1138262687
-1569716843
-1869331656
-544545524
-1000358451
-1611319784
2140411155
528950287
92201397
-1482834500
1398638284
841186325
1180397091
1831765543
1205799857
1053674338
1640975978
1221318066
-857544802
1086838531
725247866
2086634023
-1461787539
1435354419
1850379382
-1846998068
2030398124
2118081025
-193615741
-645536608
1971515793
760076846
-200527389
-1239390236
-267519446
829077595
1553414721
-1986509348
-2103506472
1607561315
-1416187827
85944278
1737054205
2093561093
-1192647029
78811243
42214132
-538881082
-1267485848
222641156
1992286273
-332041451
741326478
-391346785
-266224631
-902492497
-1005465736
-1731390509
1752374212
-1573136827
-2061586104
558649873
-2080761808
-1946234277
-1741062184
608533036
785064584
1219261298
-2137755122
2005348890
-327989003
-623120535
-1431079564
619102716
27119173
-95776481
1824812807
1971463771
1783564506
-265560483
2096772430
-174423372
-897991452
1975236595
-673933394
-784025546
-2125240878
-133179360
336660220
-1983503159
-987815163
202920758
161788755
474992210
611204038
-1433076098
1708798760
355106357
642805370
-406855336
-2051405925
1250595099
-1545765100
-1815407449
-1970892273
-1335197964
774158538
2052240491
-1215738116
-1086890177
-1423550710
-1513502802
2113432067
-1576342136
-968488529
452149924
949550914
-220016078
-874182545
1306953485
506699241
1543320438
-1346016872
540083934
-717889523
1904136875
-373313541
1822223647
-583717956
1845967303
1332659240
188674326
-1850478256
-467944155
1527106779
1038858149
1305213704
-1516612216
1522965173
-1403558160
2004197844
368154207
-1194943698
1982353474
1280113519
1407927370
52135626
-2106600399
-567061069
1756057564
677920394
-1786059521
87855912
995965090
-1084912475
-90322109
993869021
-131720092
1611250807
-1158344505
-2058920581
-174983510
-2140324423
-1647331916
1035041174
-1038691199
-969292046
213193708
-819709626
-1146027906
-273372371
-1380248393
601921270
-2109248765
-724805908
608672928
-1388730501
1521996480
1364994140
740446625
-1017491608
-1738641027
1440290505
-933617795
-1776256609
-974835435
-925049517
-908845459
-1302551765
945990853
690789602
-1500528642
73257037
697402022
137570647
-989436359
1587494612
1533852024
-4819453
-1395996412
-1829869135
-1727644000
-434973348
1357827527
-1565183542
1647886451
-507641875
402437457
159203342
1915119796
-226552178
-1162165251
-1736510263
529152859
1676153813
1287571472
1147107385
1509563800
-462397236
575218277
-60374944
211011862
643268835
339031371
-1917870053
1164914563
-1502475992
1195859373
1918972787
-1110109616
-1737337163
-436282764
-1910358734
1507906229
-614352792
-1651227096
1659652537
1260436983
51773401
2117306077
1970121488
-1858577939
-272978552
-1777706932
-209280450
1102869952
-1975243690
481481791
1532971483
-172424463
790024246
-887907022
-749136413
-473105760
781356068
1900384055
603454668
-104279286
-523267243
-1968628966
839687641
-327136941
-706258513
1716760516
1646917808
-397900923
568895355
161469924
1007061546
-861417768
172799064
-1305419317
-837688726
-1437827533
229539186
1717919639
-461043664
1471458546
1826933492
1430363539
-456835729
659089897
-911042374
-2087847714
-1688864484
625479337
-766978485
-243609527
823142984
1426245377
890221062
-1395244667
-920512400
2143915207
-1663245414
905843838
-1917029101
-1529340968
1310697915
-344295167
-1836682619
-1800035748
820145938
1876196004
1799091203
-600755890
-586331532
-385528090
1870015238
-1080676037
1297337942
-1358306924
-1009764900
-1909661879
-1796482176
1106789230
-1717660813
886511226
-1412273407
-710222070
-225869704
1557784882
-1472298142
871340025
835162528
99143414
-1993224930
1416050727
313990980
-527472010
-1055294896
-1524379769
1097487923
1952656332
-1620478546
1322969583
-425524797
-1808379130
1749486773
-1653948608
1794663209
-837151007
-1460172506
1606402505
-2051888630
1838543831
706375088
1796878060
814539345
-1739167908
-1124185618
998868482
994536258
-654992541
853170579
-663877253
906120143
-1532705241
-1297718557
-30495158
284686378
-1482341849
-1343387548
139730303
-928621413
-974347663
1099956693
119516213
2013086099
557795107
-30216097
-876646995
1141267712
1086404142
-1000553974
-458308677
1726784738
-810206115
-1859135374
-2098917024
-1601325283
-1105290603
1503422137
-160795720
169437841
-830880930
-1979860289
-402348778
-1779376793
2080697505
-1633262192
472673901
-701000531
1566144947
673314590
1939753713
1084129573
-1281130095
1730822447
-35708419
1712979289
936703341
-1715907176
1681406774
649140467
-1324995735
-1551846485
909889777
228967755
-1173499487
866212077
-703208239
-837109952
-461992593
520595724
-251446604
1968509514
748210921
-980852465
-1048404528
-754634545
1241743534
-552400434
1534252056
-488432202
-1463358494
-1860854363
680649700
-1834970310
-538933130
-1304668828
-1678209072
217813760
-415774292
1719521417
930557155
198830954
-2003872038
-283439952
-462997772
2030517805
-221851539
-1940791222
-1663613112
-1934336992
-1576705744
2024795277
-1741860480
1802504791
707108814
1666071211
-373994831
540968048
-817920875
-569575354
1850777300
1677086764
850753404
711591714
1524439136
1985885761
-302663065
-771468261
-315613643
-118393747
2138157992
-494327462
133000124
736918734
-161424183
1189605315
-1672566965
-1516906896
-688039544
343675825
375618253
-287575257
-1891337438
832831717
-827845983
-929427809
-735726636
657942971
961160899
-144479567
1957609118
1455312286
-162336215
-1579844361
-1267990711
124613309
2020523119
-1268325982
1814060715
-1962653954
141613493
-1766709366
-395827414
485710898
-197311289
1452853638
1695458686
-2131627126
-1766901889
1720445181
-1038708294
-308523958
497444199
453877181
-1863220084
-1826903620
-371540830
1096216331
1298332867
1484014694
-1548693237
-751056390
-1303398127
-81487234
-1756932706
-467171072
-679319022
126145437
714622998
765583557
-1636106100
-1945359437
-1056001320
-126532034
-370271240
-1852991173
-1164170993
-1349705222
-236036799
1440490159
1869046039
-197958469
-2045664821
-933587140
-1226862306
632967496
1132489398
-1878942023
932606472
-1575448703
1056830563
-610118443
385682579
-1899307852
-1227111882
-958733424
-1287801668
1253043502
1723048605
1268109548
-1875912864
667439891
-1427148975
-1874594845
554204709
806190705
-455733797
562840731
1429515674
1345333907
1699312730
-97780776
-436665956
-1354773357
1960425091
-2005617231
373566460
1883363122
126705384
2105379718
-1931986594
-472324117
-100689796
-1443407568
-188170141
-376884923
-797381547
2128847226
1334468362
455652969
1336907700
-1469004336
816982611
1591684083
-1507279294
1312130358
743044133
-1107127796
2097413276
-1456408965
1871219568
1314577336
730799889
613642669
118184598
-1725417620
2056781994
631774415
-1616836602
216845539
793695850
-662827063
1569389866
-1783364559
-907318570
627786655
-1542064253
-1331779049
376180150
-562904858
-1563949039
68978073
-169001955
-1774534286
677684471
1538339534
25511079
-1277773484
1827516767
-1783933194
-1266717694
-1300989181
886218651
-1475182127
-813279826
20638424
1055723916
25251886
-922372856
1234957759
1593613127
-1478057023
-855143804
-1740456149
-582382604
461505594
-128880327
-907920822
-1137647367
219970962
-741687134
-256400774
-874920104
-725577817
1451001506
483886842
225922901
-1891040502
-636969528
-275554844
-931187108
910669592
-142253100
-995044774
-144119008
-1807565497
1971311738
-1844755969
-719966201
-396929599
-1816261531
717954473
2050555844
1966580022
-1569163138
-1914298028
-1457481659
1097931758
23082349
-1151953063
1217515472
2000107037
858612575
396827358
837621864
701406586
2094559753
1028885904
237426037
-1284830190
-1471305491
-967363441
507307939
1494921304
-1717932068
-783601494
824087306
-1200127359
-678945861
-67648052
1353327502
-1786242290
1569735561
611198389
464909192
-1547772247
-1319968352
1357361644
2052110501
-1533045963
2037826874
-1325209357
-1514194162
-830426592
-1419700169
1069904572
226220745
-1889596422
-927400676
1481506908
-941717666
-267415221
-780629666
-1231555842
777653693
-1266396000
1134338017
1029570073
1554374750
-1013507609
1117351866
1095252197
1173994922
-451082500
1456577340
-1956293878
1441978521
-718517885
-324383950
951443610
1645242267
1890960888
599175784
-1114902207
1999617468
388113411
-1390819984
-1057986885
-1706143230
-1748841456
-2065356126
291683973
1465538841
1172089375
-1725389212
1751073495
1245762865
1411107288
-757758038
140695248
670187559
-308535327
349034688
-387788301
218444770
-928705420
1286559815
1076010705
-2144291585
452633387
-1956217220
-482864888
239993776
-226483170
-1181347136
1948952171
908859105
1544950319
295966035
1814636418
1920804252
1734173347
1325728099
798251828
566813357
-1113570827
-194335931
-363544126
1305759368
97077734
688668417
-1881371913
2140816235
-598768424
1016144660
311835549
-520216641
2106511964
-1451179152
2106832435
-1944833341
-127303415
2075494599
-933717284
-1754149013
2139697551
-479100920
-355061095
-642700923
912414475
-896043479
1180588474
-1837932258
897509532
-797733849
-88728175
-689086429
-590735307
-1112897718
1002963305
1639083594
1541415604
1838637485
1879121590
-214327502
1828883763
953343741
2019792013
-389447991
-125672546
102312320
1695283797
-733503507
-378057594
2004728665
1519307199
1461711189
850626099
-501344247
426636275
391249074
2035425535
1384651321
1882592779
-2047839215
1111362273
1209063862
-1781137212
742502786
-555368376
-911905348
-1548056718
108399870
-1002916311
1064243062
23317044
-221041531
-481767077
439902405
-590844055
-1467895161
96173858
-870720704
-953253790
-467865980
-287620344
969911163
879287640
1207596022
-36450829
1769700492
367230112
-1122387090
-2085621132
1589180362
-1160255203
1040855548
-1051588004
1695808728
-693718027
-786933037
873767317
1566299617
1424608646
-386341075
877296174
1480518692
-207685221
1697835116
-55427657
89047219
1711854298
1543012481
-1637650482
1766075766
-1445457535
-1204833135
-1627425287
1431843446
-753530543
1851999701
-1874147146
738579288
-1385917751
-1536314175
-1241538095
1372440870
1773589399
271503976
971815924
-220394411
434739787
465470494
-997722236
-2063369469
-556187315
-6972066
-364513110
544743295
-2063708911
391115758
1770328751
-1245914354
1719220616
-1170664895
-219474804
-1815381780
185150169
-133747685
1006291649
735210896
1576039760
-901891718
-1835054491
-1754806732
-628805482
-1108386892
-1917298306
-277017452
-1587852766
1579610332
-611022702
-708369675
-1797731601
-274859670
2029703549
-872850328
-337886097
1885975578
-1020342395
-1268558513
-685205313
-2068933612
712500395
-2106240992
298357275
-1576405684
-1436229565
531044969
1624243603
-1464323285
1317731015
-2038841837
-83411713
1370686831
-1223148825
1108116202
-1737915345
-1235335345
-444688413
-784202660
53294439
1729596641
1207856413
-654680192
-1550774006
1549740736
-2010377495
-709640870
-870306668
-1063808023
-1510625113
-634208931
-523639603
2025992677
1399561236
1659405360
-1622524101
795810605
-690038308
-454790476
1446145751
-662221879
1175360371
1333512518
816345092
1961837625
525768228
-1984840895
-1829769284
-1267060071
-631361687
470726342
-163712500
-1048311297
1374157437
-851581761
-1803818047
1980443687
156791600
1471423776
1303790435
-863467182
-2087558663
1762921327
2084400482
156195434
-1289390767
1966514054
1497372559
-1171531414
515677246
922281623
1159206861
-1014326276
-1652623827
-328566671
-739569145
-1427606429
-1762694140
-486955775
869992804
-1343947622
-704362889
-151130598
487739577
-28299331
821122459
2026494328
1891208767
-433211992
1270119864
-193372415
1637729925
154059997
1813888354
-1589479602
322413224
1775091370
-536280886
-2057204118
421815744
1027926411
-1693362607
1830018777
-315341411
-246682164
90855518
-1179780901
70851250
-2028078990
587587696
1509751281
-1929667759
-519788452
1039751030
1124415648
2020382232
-188601948
-1435027618
-669423500
1099620267
-1242094774
1927713259
2003925575
231597986
-1907926253
954970315
-182928189
1735403717
399127470
701637352
360644900
-1326192522
-1484625639
-352728322
-76494782
-403703442
-882200766
317571949
653704142
-1277594196
-665118991
1726294863
-1008928805
-1621449815
-907715356
1205547213
329705632
-1223263537
931432251
-1351816018
800899196
1388018476
-782338794
-662641872
-236205511
742378594
1771848828
1269120539
-1021109356
-129247262
-532106626
-263252974
1726639101
-1049111975
-1796089444
-67743445
-1649863782
1498671209
759034470
-206629694
-189827439
1031406236
1350105702
1570412682
559243398
2137216149
1478190397
1922495716
1755583586
850078600
849886219
-281651597
1865094230
-234115093
-1018999020
-1300530961
957015583
1996000877
-1153016417
-496862406
-2127472757
-2054767577
1042700321
-551919440
74909499
2106575377
-244834149
121951170
302396841
1576172470
1819700543
-1495859770
309273196
-2034658005
891335001
-393246713
-1303479877
-703785923
-1616564115
614668835
-1464953297
425806057
1923522459
-545134186
1687460556
731545872
714078539
2125344401
1152821569
1628650346
451897093
-2134601200
-664225682
786306491
-1854184032
-1907037909
1302449959
-629413307
67340190
1144705451
-439113929
-1244540803
1522563542
990577631
-1637155673
800191745
-1718800813
-1289523792
980356416
1057324232
-1362275972
-281449741
1562053709
1154803611
-1805423244
-1188909314
1102352037
55551427
1750818755
-1286950019
-275893529
1019925763
-971766475
-300957562
844499463
-1329964856
-1342357502
140501482
-2101115895
-1389968994
1672330287
-811639347
-760158963
743815142
-1067051469
-1855487880
-2048358774
1333910981
-1588770852
-347745939
-156342050
64642143
-83067021
-158267973
-1366107899
1037144133
1580123422
-370523244
-240963928
-1421506261
118166149
878086940
-1747327398
780423390
390447288
1212504195
922721309
1037643124
1314943056
-1265183915
-767382998
879710916
1419628500
1208295184
753102833
1026144024
-806296483
628728054
1185908062
1037500193
1275443323
1326468900
-1008312739
-1272728277
-420768422
-15180572
583410336
-316915823
-2117653984
2072172606
-1079525985
926108274
1517634969
237309140
561867488
1826134180
-965933546
-1405239313
-1141423496
1979150312
-1027955823
654940628
-423261744
-1871506337
249182229
-1625010084
-492254036
1982531389
315370076
1513711299
1367081577
-378012485
1244864185
257988287
-161135739
447593810
-521825736
-1615907116
454939492
2034066981
-2024045565
-280415770
-821394863
1289141438
-654126841
-187603953
-655774782
1302235645
1913333206
-222138189
-1536404256
-109367220
-1612404018
1429628368
1986277189
-1495797481
1840959099
-1607155558
-1937210362
374510971
1323749945
-872175802
-1922020620
1003384380
1525415197
124939302
1652552223
262332156
-1689675498
417377781
-1804756581
-783619926
1636638286
254191988
-471414906
1365141304
-1378799403
146313269
-1223763896
-1611336048
-243510143
44562614
842903324
438153928
-1445168369
-1346126928
1390045904
-199866477
-2006265715
-1421356367
245768904
1772028667
-447387140
664013800
2089218120
158392140
-1297958352
-914774209
371443697
-1481263021
-585305861
1360867503
-1482299508
1689395144
712091786
862661582
-50537466
-1814854392
64259342
1609786540
-2041683013
-749951994
-264656226
937949664
1208725750
680882051
-1557713573
-1590004771
2058997944
-909972867
-1284841516
631405961
1259551160
1644078308
703865772
100602384
-2130393173
262983571
-353918854
3945460
1130931909
1078664061
1811743984
1978958184
1267069822
-2013145049
-1986709954
2108111326
1048842905
-192674475
-1980132936
-724530978
1751975265
1802652680
1377510582
1606101529
474627637
-549449049
1932721851
-239093058
-1415857849
2044272763
1796407768
521620491
1696685472
-314997664
872994130
1303120678
-1008014745
2131800761
-81076606
-1515449812
-601688991
-391901532
-1895734276
-1034963318
-682772549
112480878
1123827443
-2004490100
-1375944185
-1989375159
-1337475365
-1722910669
1032108164
1100520508
-526802096
-910994614
-581779806
1775008858
632901686
-1882255173
-179093308
-284908490
-1491820512
-1402970850
364128071
-2015666539
-1478166283
-1739645806
1013495234
-1829375899
-1166113072
-1904126512
1584765583
-1475884050
-1432501976
-374654340
-965741942
1643725639
1864736305
212263102
1057113368
-1079874038
503519361
261456401
1811332202
308426314
-1055855883
-304786598
-965337597
-1981497147
1126213332
1039419964
-836810889
837526614
385648693
1987666858
-1869401228
-1927437140
-108548962
501432253
1481493254
-1240800192
1784188910
-892066105
1382287126
552452484
1971581820
-1471099993
1027876403
1015010136
-603155585
-92774562
-1323500908
2042476737
-523350353
1735510498
-1990355875
-655642660
872522796
666049586
638503969
1490561040
31370143
-1517973590
668758440
1534641026
-944444514
-17193320
2059150065
-1009681459
-1472220587
-1532739058
-981725318
-1277370894
-900410271
1538703609
-127652930
287805837
1183184383
-124683150
-826763010
1933614922
388678245
-1995360941
-1097579196
-1421661546
-724781713
-2134030579
1686046628
1993708184
492002174
109425593
-728580924
642068066
-791008355
1314741612
104277919
1948588131
-1308139548
426639566
1907661445
-1471562464
-213028831
-167197459
-598102939
2002919715
888607412
-1110477746
-1460634034
789254707
-76027975
1828696901
50615603
1665644484
-1602604436
-1173698682
473992174
-250726735
-976993079
-1825979141
-264363641
693001256
-711556749
-1303956521
-1666881611
-205290523
-1160964138
-74152982
366843300
-1069404766
-1306599793
431153463
-1545846024
-213584435
-2021330934
1488731587
725815057
-695999109
1164766572
-923622225
1696200848
-476295780
-116257868
799615624
525936922
-595680912
-965259492
-765784354
-899860133
-1497693127
-918579003
437969683
-1886572210
1260158514
-1002018158
-439563660
338282682
227413183
581338451
-314824819
-994989057
-112983579
1745470758
927877816
-104937198
-573085957
-1511006183
-1885800969
-1560483643
-358066527
-2041582828
1690094083
404363339
1639416305
-1009596171
642838692
-1365924101
1098274036
-1423775748
1211013187
911916116
-116363688
1370485098
-2034232131
1113573952
-475505057
1124814692
-35604103
1716805533
1076683033
1491905820
-2028486468
1526406904
-200603692
-2126785231
-1513499589
1348853147
-1571486253
1131385430
-576582927
-467259703
1983681599
-1452837326
-1842581453
165994311
-1707400870
-1310676345
-1146525696
1257710878
1412513530
-234606443
-1513978723
-1380939873
1969882164
2056204992
910074209
865911719
-2096736682
1241271408
-1654892851
-1900203996
723471643
-1977684936
-598271009
-1785108777
875439641
-351259591
-502486873
1152071003
-1170506883
-1587610424
-1895993830
766122597
-683757061
-932520626
1245460261
45798220
-1926114817
904683376
-846313723
684441036
804077608
-1758805905
-515995435
-1582362106
-1776154378
226616528
758883432
672151754
-352275519
1692492351
1715604568
-2056142311
814076140
-2045262928
-1605346977
1094041573
-331040933
1850436550
-1263171867
260737306
1495016737
-550192776
-2031229735
1815226593
113751934
784552689
-1317219645
-1615135198
2013031944
1125300920
1077843994
-500936885
-269636313
1865454353
-1450250798
1011996240
-872713275
-1065798750
408292665
1314752754
86095942
1903523160
1205295107
-603512510
-2117328714
-529606517
-63312477
1450519144
-349140415
865954143
1769259483
-210528864
-1534716953
86312558
1389168790
-359130235
630562927
743304611
548342517
1484058002
1618740124
1237234536
-1231636057
59145188
-2092609890
-801372157
675188861
-971943100
-2071203893
752152381
295739196
-269396123
-1514301042
-1498919356
-507589707
1269554537
-917298017
-371526702
-907763437
388655785
-160964236
-1323073907
-1150926733
-1164174411
686820598
130270641
1107642041
592967577
362110072
1897768939
-2107786335
-1250249886
2101073124
1300980872
-280338924
-643913248
765485367
-469638450
-1202658884
1555368876
-1381639122
-8025174
-1424231974
-2097968276
-1677950655
1692440970
2081557846
-1271264683
-249890608
43254412
-1284141033
-1400370959
289371036
-2132123432
-160727659
-967712734
195201400
1151761737
51110059
855770726
-1603481793
1916624978
-2055744335
938665307
-90482680
-1809445601
1193184202
-916603
890148248
583486202
303818361
2066056783
901925912
-500293392
-1104121734
-1657188273
-1897624313
1329457076
343660239
206127054
-2039681679
-977988158
-1205851368
-967683706
825518944
-1603262009
-846886873
793553837
2040641171
-133802177
1163586515
1806488882
-1425747859
1467079007
619338252
1915395398
-1661454544
1831866422
-534536912
814774045
1020072042
2003029006
1814181788
-767668747
158009007
-1656329448
-2144839036
1211569495
660852359
769305927
5371399
-1035953764
981829290
-1918999941
-1780468099
-1156492110
-550082710
-1725540638
1714357011
1996507935
-745048720
727851419
-529837670
-1989724858
-166515798
-235161189
70935451
-785942295
-1076342653
-1826556716
-303087442
-725174545
-854562219
-1941744237
283968011
-224399002
228886299
-214119895
1537852257
905088458
123358059
420365005
-1548792602
241743751
4095138
-782810687
-1741436241
-1455233348
1173453408
301189554
414590273
1240371009
381508407
-1658827164
-5320857
128596971
-341532514
1012501390
555687237
-1757832690
840152619
-1524079102
-1495893843
-690996926
-2016497663
-1050133744
-370800976
1199702890
-1755841402
-1265090004
254841464
1458876658
228851033
1840178382
-1114779307
-1241662121
1186511747
-621793127
1272271893
428646379
756558571
1236715455
1704376727
-755413798
46575887
556856227
-745933150
399196775
-106503439
-485900865
1511769842
-2020759941
1862184526
974140103
1512545172
881408096
-1970707947
1265447950
2133957235
-494593335
-541242858
-1927644375
-1870101711
1362868757
1730335226
173257681
-924807877
-1086237996
-788110477
1457836045
-1753902313
-1578247031
1638757299
-87623024
-1613488385
531913905
2093642785
-89142433
1196305587
-1200757244
-109929910
1447862966
1243198603
-1027684358
-1265388779
203312684
727995339
-752831856
2098689339
-75015147
-326588870
-1736125877
-171637003
165789991
893854965
1479354493
-322393354
1435939935
-223502720
-1769167930
-1428895589
1014883621
-1183474659
166837469
189711200
662138798
-866957215
364354448
-1355983466
-1366936671
1010019075
1844840457
609575506
-454659843
-117289481
1416146002
1990029992
-1107898567
-226779206
332032538
-848342503
814232236
1259513583
-278280008
-1400734135
1485505583
-1606034645
-444088464
1319198196
-1923690752
623392524
610426869
-1172933854
-1892460312
-1432299632
1877026095
1853750426
1335400608
909425827
2029054526
1720433300
-821219728
-917274887
469355965
354142897
1608598297
-514257122
-239499958
-1360998609
-1199705867
-1056714294
-1452219066
-1737435816
1893702492
272608633
1559994585
110473019
1062459464
-199500485
-749369800
-1948470114
-554053573
-1479893816
1417722666
1840062258
2030975071
1709638103
-285950521
-1679067640
-1896199441
942577327
-2097795710
732150851
1085235670
10586621
2142478442
1453020943
-951117931
-891975704
1761872044
-1975066927
-1581641111
-1938517918
795307612
-1079029857
765320620
-509452607
1454571892
-1634382606
-834898565
-895994227
1457375260
936930458
-928094056
-730846821
-1913426645
152288497
1040888978
-1793709222
1183249133
-1933575597
619560994
-1159297684
-1957212634
-1707137075
2005604312
-1192853128
-881578665
-12812524
-2146709257
-100836290
1112633407
-217650248
-323635556
2103498219
18617252
-1405385320
779461924
1573516206
-1299475118
-1938243944
1227470799
1899742858
1553405028
204093329
1135488160
1634683758
-1675251263
218656905
-2005261688
580171906
38139113
736544803
-456682045
-397685821
1089485041
1964867160
773078656
-591794479
-485202484
-645616025
-1837156921
884884487
284391883
2010149898
39945367
1672540364
-758536346
1047375849
649986382
1511799080
-657061060
1208098643
-888725683
-357351271
-988201384
1202305835
931108059
-1061977049
-1997256523
1026986528
-1905984695
807100854
-1553614845
-866676192
258067799
-1812905829
-197468501
-153225970
347498454
-1099157648
-1184399599
-1717549903
1918824590
470289195
-166303976
267725296
-2089400479
-807632019
-1960198166
1789885244
-210475600
363827223
1191843320
136855116
568905724
894512163
51338560
1517981968
-1237844528
332884400
-406882867
-1025462817
-1880302626
-227593378
1255273604
-1939833102
362663016
-664318244
1923167260
-538348267
-92878367
-246385474
1319957102
-1611885158
-814706733
1516671379
-732758546
1016263569
592899587
1361347638
-567888007
54921271
37661138
-517673628
-476550064
528522923
1680708069
1451746447
-1708536732
1595295463
-2118277112
893298161
293404883
-326466579
783189327
-233075229
1684022962
636496192
-1008313218
1771435374
-221302260
-1050895467
-292143446
655803426
-805143253
-931010358
-280263136
664521510
-1270839275
113109783
-1678603388
1489845648
680373337
790358915
1634535741
-1149117962
-1564686069
-710314088
-1096756976
-1419536059
-15717620
-531210663
1510586379
1445983952
-775277170
178456692
505666723
824976812
-754872618
-1411407949
1454484256
471254842
-1845177020
82950584
-617397192
-1822034172
1473650832
-943883799
270215674
-1590050868
-637086891
1521114792
983979757
1113083362
213942483
227225031
-117693575
1678406326
-61871376
1035187259
-73622140
-33272403
1481858176
1820216590
-1804978593
-1309725129
83747781
-382835814
-1392121117
-1243151583
502608185
-1271110413
-134002217
563014439
-496492918
837473445
418118804
1401273037
-816307739
-1815381857
1415624171
2017233774
200290679
1071042669
-2044744890
12494741
1348983600
120015789
1821834253
1629186186
-1298557751
-1987251269
1126935370
-535307984
-1604351992
1967488174
2076446607
-707317234
-1489346750
1718612360
-1481712361
-91848022
519689761
1871867816
636366378
2047417373
173478567
-285497981
2071997894
1533579492
1894582898
1529940115
-1212856197
1940151795
-1980008383
1849030286
2101217174
-257257201
2066032054
1267152347
647559809
2080637021
1780649309
1516865857
-1809100183
-900470987
-1469179668
-52344095
-103476191
-25953221
-729841716
-1500233114
326894662
-1041017680
-1317008936
758524538
-2112441950
441428229
-189154716
1093900667
1467171285
1738919601
1805625216
-2007613074
-1936989134
1208974147
913179004
-1067926733
-285929754
1337042106
-1237021009
-66105094
202369631
836768532
-1836671116
-1909556235
1986891498
-2131757276
2088222325
-1878062769
158726302
161258152
968663339
1683692124
1127208312
-780239462
-488891228
-863079408
-1976266297
1195799750
307503751
-2014850635
11421386
1953734044
663947861
1376792280
49508246
1146370887
1868933873
43531396
1798211645
-661729027
1835993186
-2084866638
1505622828
-1720578663
541497814
165381887
1708851413
1025465446
-1473877015
220069279
1910265229
2106404668
1994564391
-557747823
-1001133642
261838289
595075791
-1688297708
-1181421536
-1505429944
739793882
-1247992999
1109520044
966851342
-1418426310
1495978105
945337650
1394280934
426432102
-1623208792
1286364836
73160769
811354390
-1679232853
706461811
1039986898
-1751494837
16062855
1989471281
462110306
-590915438
-1208393350
1255974775
620818400
-235542136
-475302866
-1516569080
-2019980868
-117050208
554725932
-1818471882
-2106574732
-965182685
1173493646
1315475332
730839150
-1561478536
-755820040
1346921356
-780638456
1526884773
-1481182775
1542103330
1892536557
1434766101
2116059788
609890746
1864257962
-398289253
971921076
-1307100922
1338808448
2017263542
456286856
-903065885
-1068751237
-1692378090
2005828188
-1773997195
-765519421
-1313788321
1459496961
390635920
-954934735
-1783064276
1888021374
-1452792999
-2127660251
-2045346218
-1061096705
372313389
-1165564266
-1992307083
-1163172339
-1962835264
-345365143
-573322074
-1025482753
-731600247
-2052564730
-1705293170
-812444241
-1386581155
-1662633431
1827741855
906633841
-643592102
1266036981
566453913
-1709494207
1584844550
1679972942
-1739509676
-843288773
464726967
788598375
-2092903749
418484303
-1963702220
-1091388263
1642525979
-1266600140
-1473959780
-1476317066
-984157539
1195055004
1250384518
-1580887010
425283601
1835413930
736291433
-1652833328
-869447188
-277749344
-671757506
-1832991037
180797076
2004596445
-159411101
1498644791
445249754
-1478015483
816888258
1059320774
698031815
1063545473
361931314
685677567
-1007728486
-74208470
980434972
1188219444
-1045855215
-1572882880
-1432547231
668729491
-886159385
-1390532448
-143481989
-155472013
-1929634914
-1535568842
-1405414174
1147265776
-2130675842
356907439
71374000
278574521
688660700
105261427
-643537017
60792103
-1770355041
-652754990
1411121330
-1956060526
-900472320
249409661
-977462646
-259203616
2137661328
-1751608009
-479137510
1832895838
963433599
1051800523
-2059861242
-421517614
1894827034
-1177489600
-503579480
2091474384
-1725187691
-1741449141
-1181503109
-1645831348
-1058162166
1130451204
-1468610628
-1936305552
829215425
-705267748
1759443534
-266920273
-1425471567
1560989134
-1476979491
-1821083878
2122458695
875056085
1353322054
1568326386
-2005827483
1440045981
1667163446
-1826643075
292934572
1790797692
679682833
809797405
1470095614
46003619
1837115668
-1801004643
1636988990
349029008
-1764381763
2083677646
162593881
-1206481209
1490419817
-1608532910
-1948015734
150049728
1898389823
-359550025
1797847001
-1828596701
2146798412
-1509796409
564157412
363248434
1056201455
-436154851
-1506699295
1823784838
-1877456265
-993579525
-1833848094
738786557
-592349430
1112021339
1285921883
-1670907406
-916320312
851554627
1976003041
1114049455
-1968286929
-303804579
-1870975692
-1608315361
-87785792
1500571334
-341006721
528376519
-1444834077
-1810096602
-782280995
-540316937
1503796487
1556117248
-1613842657
-832048836
-421772787
1471878730
-292251956
18953752
2006119142
1576272448
1948772200
-1300261900
-1721243270
-137631372
-597264391
-1366036907
-1024672821
1194772265
-1157602106
298868814
-1382982822
-1058277150
-725336223
1176034869
821077705
-771122891
-46714136
1942994585
-2128481855
-1491979292
450144391
-1603445134
-356473067
-938924243
-1341837248
1634817178
-1094096601
-991738272
-1315655186
74377340
410932362
851874226
-378787194
-354566134
1719290088
1189943121
-1781302880
1702033652
808803366
1286361528
381944630
-698998506
-524624955
2053347139
69020074
1053344305
-2139914101
-1976996091
-182983667
-2096204579
820820066
1345904345
325514397
-1177637186
145762943
-6486345
-1891269745
1510522870
416078278
648715592
1972249103
1329968090
333810028
-1111744069
-770672252
507185383
1169049566
345954009
2130455320
-1077120010
1945977824
2070666071
1520149367
-1937104209
1848725497
1131017066
-1358829866
313274683
-1359824882
155834272
2147129654
-2090645699
-1652994739
483925230
-759445783
1164021762
-389231540
-1738733051
1020080469
1493074422
-954007183
882109928
-2070862857
2039163225
-674148461
-760689726
-1978198613
513010227
628980961
-582717452
983603753
-1171788411
-1701582333
563888750
-255498286
1309519296
-775448706
1258056255
1319859628
-464562566
-641557156
1134040686
-1818987093
-956241057
2087975179
-36372470
1783770930
-624072091
970052997
2130999679
-1220051496
251092291
699773361
-254959829
-1967916946
-280195549
