0.2690451870505912
0.973523274929167
0.4965355195076131
0.9499036977078532
0.8762132553840082
0.50332497170617
0.6434770150665176
0.9130483684134352
0.48347500065151905
0.7714587667915028
0.9298305414965589
0.30419843019782833
0.7844607062837962
0.8724408219639804
0.6600594674155229
0.8448766648197519
0.02399657023585311
0.7109323617936263
0.8451800736487219
0.561795346380016
0.6656046368222573
0.3265522728813872
0.7657372615691671
0.5548474576304229
0.02559079076020543
0.17576383264959394
0.13743103062292972
0.8290598860801349
0.3658165259605093
0.8065349631552268
0.018462202161473984
0.8083370149009549
0.957758755221032
0.014792130837740003
0.6962986829425849
0.0052682402205188605
0.057218696643214884
0.881257524573922
0.796446747170759
0.33396864459092535
0.5620494196875636
0.053080153905353256
0.7669442084359953
0.7218668908171418
0.3645295145178987
0.25674169224832055
0.7096753530859763
0.001550159064015122
0.05551736894170256
0.3070378125356882
0.25324032466911395
0.5452209345004686
0.6892793055382438
0.8115064681564861
0.7919945086322805
0.7420158249750839
0.7758920990241719
0.3604949873682596
0.9520060396216903
0.2123823483487267
0.5323781870958845
0.24012751262352494
0.5870626898845483
0.6039038846897227
0.6942400131940772
0.6087554328468556
0.9564920086179579
0.9194096734718706
0.8658174133818497
0.637043210303717
0.9914413541135951
0.5909009328221022
0.47090018252271804
0.32766265929267024
0.7173975124111163
0.93176998456219
0.8542850943460474
0.6026385480331276
0.9681082275455734
0.17498462891732625
0.9804754476084201
0.7747095731833094
0.4997005369821499
0.03635494122479821
0.4774778368018806
0.7036380350531334
0.4936744141612225
0.629695590279852
0.4816598753803226
0.7792226609659124
0.22358197740282615
0.6046414689289882
0.8538893533088991
0.3698390190398775
0.3525862007358449
0.578070042831733
0.8576838718064095
0.5286521313066942
0.9277254239716715
0.28652914106517313
0.31685741601722484
0.5592165464836985
0.6415929734879703
0.39976431987141015
0.6031582550463608
0.5079992853928864
0.3432736945337984
0.6043847279920135
0.5436503724700072
0.7734310537983229
0.09776262072648045
0.39190255564880394
0.4830984781058064
0.799412358826031
0.31672317631261215
0.9668256641834799
0.2883743993819734
0.2557701494625768
0.6133254270822273
0.8281787455838218
0.03991035768662121
0.19898215687666942
0.07003771485897481
0.8717736071656135
0.5194828827536799
0.4535557065191791
0.550627885867978
0.31074440828532457
0.37411831202532886
0.857768346659768
0.5362627185650848
0.31830905704176804
0.012669077987790822
0.07704762259092046
0.720477636318397
0.05941323726450409
0.8746177251845747
0.4040883613002758
0.2589210598864561
0.6968587541884793
0.6999232372013123
0.3368752357707915
0.13716072128590018
0.03271374653171544
0.8242323139298643
0.7540994294708656
0.5934721644255739
0.6772465780515878
0.3255357075773969
0.19202805902016962
0.913412469001638
0.025321573642199335
0.056358047601303585
0.06770554381022442
0.19911496750035862
0.8641397018776613
0.20982686757568159
0.6904365904636287
0.9086233211373145
0.13640212400477303
0.08847465357472806
0.5568201870777477
0.059216777551525324
0.23942086787137618
0.17138556130696558
0.73417497397319
0.9935605605998102
0.2533952423706646
0.408306117160928
0.10301642838732783
0.5186485099451359
0.661018261942421
0.9085970096499012
0.8513162450788375
0.044887745582053995
0.44577310940663406
0.8384112904937417
0.891595394640607
0.07630821876572158
0.9377240536982586
0.3912414188312474
0.8064717950370844
0.03276236371785657
0.41330243087136265
0.1549860416074661
0.5191044836332227
0.9211135317173009
0.24953310319804956
0.06294483874206658
0.13204618297518445
0.8147936842275072
0.38334228866260933
0.38665785708868106
0.2813364953177725
0.44974498278290076
0.9330328628711736
0.9052631266329646
0.9122384148527148
0.49964146346287375
0.10170886281514813
0.4690546796802243
0.5988409657406388
0.254420661495389
0.9013757004441668
0.6641806206148186
0.4018211842365743
0.4935372507708111
0.8116384011675636
0.1809286185509319
0.7869790514997528
0.31898418092080527
0.21836523007305753
0.7898044754656399
0.31172912657589635
0.5930090767434895
0.3653794595134052
0.5376163508617827
0.6275530182724418
0.4115867035819668
0.5961873932371805
0.8900362130159537
0.8434873659060838
0.7370912186203797
0.86294582620768
0.06761691939728842
0.44904171851334074
0.9122445133334728
0.8363179883501582
0.749001387459277
0.8045117707469147
0.2822998770645756
0.46256141481450497
0.6480687523433487
0.6724732534325436
0.5635532523954947
0.48313772592026005
0.21101895511298152
0.3863119224524444
0.913656421825285
0.25732818858961093
0.8249066174309919
0.029966196903395415
0.8828403935138639
0.20978586001531307
0.48089130113018486
0.4376282053270715
0.5550390479597495
0.36264855684571207
0.793480180065029
0.9129703752444243
0.2240365225614599
0.7057841359660488
0.6412965052373775
0.3145342080300074
0.8921444181700402
0.6089333591484963
0.4654150490203959
0.557238692283523
0.727547575243115
0.08596171018229026
0.43806371704204283
0.639535808329617
0.3713404831052768
0.4841267954348649
0.29749798677579165
0.021561179913393902
0.6464084616580094
0.09021281926876257
0.6341132155343951
0.5516979295641905
0.7876914069842031
0.22057952975988493
0.8083670265063557
0.16729242827024138
0.7869998275010003
0.5936180405794506
0.4828421797896879
0.27983052713513057
0.825436453490343
0.1708010500926006
0.9587882547613796
0.09570379181156163
0.05260909346201503
0.19646077983625343
0.12173761883534495
0.12076477103737393
0.16420340911738018
0.8666228322421347
0.821300128508665
0.7501915030732714
0.3281168734044404
0.9136697608956327
0.9369974206341427
0.15475093059896472
0.014238331861758824
0.40630324877319157
0.21500675029539795
0.6403720382279648
0.19409015875079816
0.233219294850039
0.1999411693133717
0.2800090540944724
0.19393262712324577
0.06410582314645974
0.231301350186762
0.8950959630820832
0.20856361552579827
0.06301811099839139
0.5259916235359806
0.3984636737326861
0.11292865011458197
0.26688162838199325
0.8263011374618358
0.10141131306114648
0.7447899269996431
0.33581841511368593
0.9570082741756322
0.8346938894536011
0.2740852166205743
0.33218754223977887
0.905774882486711
0.6365082052074088
0.6232407146461895
0.29167597989375027
0.7177542094678008
0.32013006948570966
0.1575843331664648
0.612471284875438
0.5783443991949557
0.4496753706606357
0.02613929073380794
0.7074929702761242
0.9472775195343269
0.12452831993293456
0.6004600888516745
0.9398546454914668
0.5027411917378087
0.501300447207399
0.4328062015688394
0.5931743755583064
0.9559885802122668
0.16675408800209002
0.03483134028372259
0.5160460400088004
0.5048995474929416
0.3159446682155209
0.5640991797879372
0.12392959454215591
0.8092142171164541
0.1869060138873031
0.19811913931899883
0.6419138286308452
0.8906673325435932
0.35652372048384007
0.5742285168732607
0.8282501425012372
0.28801036553809356
0.3118114480763451
0.1785303934841609
0.9312514086648978
0.1299155855523968
0.17662574260005526
0.9782291390106808
0.3010950932451213
0.5280141451524177
0.5959248310516936
0.9090886715319282
0.9032655487259937
0.8378285312201558
0.5579977818514045
0.05337073274108939
0.9618150090125949
0.8871167788732108
0.36966001687514705
0.47349397928117365
0.09831898713868958
0.2291546696696316
0.09023197185358056
0.7027871066674264
0.626346142831144
0.8427385803010362
0.4771880431026162
0.8370920233143123
0.1114588873216883
0.47120098762769436
0.8996826222827664
0.01960602390880728
0.9132057629322122
0.9694872081349724
0.7357314508696576
0.8662347802313064
0.18826195690397418
0.6113505826674497
0.48464554993141906
0.03986065431146213
0.7528200485834717
0.2979805088522426
0.1983864713298582
0.7493134776291549
0.2775278457091118
0.004885977351692827
0.8638309095279121
0.42246435049444564
0.5197157869072192
0.6056151236737993
0.05250415993489288
0.1827450668987065
0.6853519199290166
0.41889843689104356
0.49516066727614827
0.04452921873699511
0.5571069996711682
0.4400621736696705
0.2356620853110093
0.9351935249756647
0.7251086476442403
0.2380652020796632
0.6719219532035109
0.7503105687651082
0.11340785628062111
0.92627123627503
0.10125736364811833
0.6533075196230371
0.007876923980079442
0.4480755993224217
0.35330790465984396
0.7420577804994396
0.9602032478274506
0.6577638451144141
0.7157527422137909
0.022255142082549972
0.2678385040003233
0.3224872615135794
0.6363766633611239
0.35105350045873696
0.21120798354410286
0.22299786796607557
0.6196065899635652
0.6443373832333095
0.8671808194738857
0.9887938909674299
0.32646016067225303
0.17712169843033398
0.11174596216631216
0.16758380849938448
0.1339182976941904
0.24896154138297
0.3750355040783304
0.29948555229180907
0.31305400172315156
0.8348865194536632
0.8182808234451188
0.44313458778294323
0.5448202362838533
0.09725560453034221
0.8649837467133393
0.6838830530647867
0.7082193752474202
0.7950627373997875
0.4375289033206621
0.6435296351294852
0.7476476935096265
0.6946050857973398
0.8256598347410407
0.9065273480513815
0.9545285158045871
0.05905924600401358
0.8446860650535628
0.5793750454409042
0.1829175580065746
0.1743934517267508
0.8289840291779838
0.9079054577653909
0.35958486134205137
0.655176624602585
0.050299609805977696
0.9914406251689002
0.1461476998499811
0.9662274209780527
0.3505561709085824
0.15329405318001288
0.7641491719874117
0.19468049010199995
0.13531625037227457
0.453855233877303
0.803547719467583
0.611928325271822
0.38674113759307305
0.16550196642435389
0.30090279028019884
0.976031366958147
0.023837806036825504
0.7678417278092967
0.4956125598778578
0.842570921873668
0.7629774087787757
0.16729284632472463
0.4508794651958915
0.3755525706269657
0.6131156395117707
0.39677272618109216
0.16065025745828299
0.27985072280836987
0.2778400898557042
0.009269240979560056
0.8545968233136867
0.512817395057372
0.0303149947433492
0.7433283650442388
0.960275020765804
0.37506132695269423
0.07738954060660419
0.8089994677878964
0.5849187381175506
0.4290367048073822
0.03558065142042277
0.3195374159003155
0.4388967561512387
0.44896263393305813
0.9043369217395618
0.9771681582394695
0.8386801203662756
0.26672840861868974
0.8409352710406252
0.11048283705264472
0.7992386543729514
0.9458217016479982
0.11655785730732804
0.5565323221741071
0.2541048217285272
0.18894975856843899
0.8645411872660885
0.6824533211432835
0.12591368128003866
0.2649069549782529
0.6194855338520786
0.04946346864119122
0.31104856949937376
0.026373944182866427
0.18985751461308198
0.8363217205954213
0.6390914154070086
0.782717514955004
0.10691439692685423
0.15985773982557072
0.5210977363529956
0.89049224600652
0.7492234250650607
0.8569318175518909
0.31028655983793363
0.9292284081031459
0.25474575838182034
0.1251947367317331
0.36455522964871423
0.2412228529332795
0.5013987737494643
0.6592747149106923
0.42230026570825363
0.431433209163291
0.762206601726459
0.5645266131130051
0.18134498224787232
0.14720760034230562
0.12259383968917681
0.3822359350686275
0.9053454084376966
0.08746546550524936
0.38507266798783657
0.01817858572416764
0.47286603878606226
0.7270781431270754
0.98051877417312
0.23069461473265385
0.5313873638444242
0.6845797039280476
0.35542728073941143
0.6049421617127738
0.32182766720416933
0.009972470483342488
0.41098447060282883
0.6167560090699241
0.29873131347516035
0.9242737481388381
0.8324870895780742
0.4725421790734903
0.8870967353518884
0.7035831945877934
0.5665859028448955
0.9008985519950897
0.5888872761241251
0.4678333934749229
0.27902576604078944
0.967159102541783
0.18058829817943867
0.6080187361000763
0.35699931067000534
0.283816633711771
0.9277444238667507
0.4655805189607293
0.9079274347355621
0.6977877677088147
0.5832312090258449
0.6637589950821653
0.25042428675903095
0.6497405583736093
0.43308549960139375
0.18310630166215336
0.5934003446868731
0.9212137996670386
0.8070394099468632
0.8719862204858044
0.9557021811098122
0.4120146865196096
0.2804730061837295
0.5877704122644319
0.8913827946383049
0.9233888319131294
0.26032076674498505
0.5755728232641865
0.25464210829308476
0.6617152475009335
0.7695381704115548
0.008747506658669635
0.06367195887353716
0.3229860423903784
0.023053857775439446
0.839007077226609
0.5040856083127366
0.17008880420210748
0.8227039421627564
0.23390257046601826
0.2503071877141734
0.47291711004545656
0.8894650366760408
0.9155380429103313
0.5772413582775656
0.04559290742787048
0.9983732778133283
0.6567758128864436
0.18473909235725394
0.3855917288020563
0.18483599183028943
0.03982117267843388
0.2638211421019069
0.0963199744126908
0.35061425881083774
0.3369589126702369
0.09631516119647088
0.8577011623059281
0.31357381723776656
0.034345284117393904
0.39850851269520915
0.19858571275733883
0.7173727208355203
0.08714357336952816
0.6946140145020616
0.7203069390909229
0.2455743316912925
0.46792293363788395
0.23729086957018897
0.22246341482218757
0.26924419029356084
0.9501236467755741
0.38015856031565964
0.39001600015719773
0.39791029585644067
0.35452469108799045
0.8511868855185405
0.31504524271595336
0.4008359898392565
0.6790320573705602
0.07604018078682118
0.14702337625945705
0.6188753759115853
0.6307391759190089
0.5569000276355736
0.5922117767554835
0.2967511383072652
0.08409406237116979
0.324984606688277
0.8158040421725132
0.23141552569581614
0.9001396015821697
0.6539297412643081
0.5396912381079466
0.7542248396964096
0.3591776108060871
0.5463909313337938
0.7742347644617169
0.34297868817696386
0.1828384726296144
0.9876711837014284
0.6741893977207108
0.09444525364146661
0.7514225820738418
0.5978751890454966
0.466927373958705
0.8788142274167471
0.6585114121659753
0.1080351730931719
0.2653716195031701
0.2445894239707973
0.18722957056561496
0.03584937569982993
0.8485548233623993
0.04575331222025114
0.6411715331558799
0.04311932131994589
0.16947808711870616
0.3226059609287011
0.7178900787558041
0.7196674631588799
0.43295109608725457
0.18350156578920163
0.27397559200405364
0.9574617406262619
0.07535372940627028
0.3067754356167347
0.898138956708317
0.6538695905900389
0.8737662746246251
0.21047516531334043
0.6823430026372149
0.21440843435581225
0.7136738714380335
0.6220798959683651
0.4609104065090103
0.2130555895999644
0.2524581102107306
0.12121153445601218
0.5736691506701138
0.6121257689988621
0.8301468803634269
0.7254127384826795
0.9015788440576583
0.14391913794452116
0.4994011710990922
0.24238611814207423
0.5219143466552272
0.8127891900658426
0.9734752577291164
0.02166009916236078
0.8349661080932226
0.9889738701040123
0.6238949931873051
0.20446634535133545
0.42534916509446763
0.23447957154373933
0.3988560972479448
0.6926851245415223
0.2383956308829721
0.8265026128255196
0.6788524369558891
0.8360339340495092
0.8757382011164138
0.9253180410741952
0.6378025161685789
0.271246323501514
0.9440755745392868
0.4712609770641102
0.6359492795883139
0.4378070984453031
0.42724264132013134
0.1893711846999847
0.5350670611752791
0.041881263902744714
0.9940917187580482
0.530466660689244
0.5970167603199981
0.14339359663879236
0.003323762645479844
0.9838573019554231
0.8034483765945671
0.6007867923788921
0.7212913067303252
0.9596055518271075
0.017457802411576018
0.3238058882770575
0.9299276738145863
0.35718520536543485
0.39726248601549297
0.15672712327793015
0.6693395365415105
0.012586113865081905
0.8674686074424915
0.2427699735815826
0.3332335249630908
0.44735680882355344
0.2552598782427319
0.40500102725041165
0.7152294056207182
0.730773015329196
0.9068464868812403
0.4198588182849472
0.8902456862703609
0.8102648424513805
0.21376956242469802
0.05649933880956404
0.007526588104015297
0.3654314931113556
0.49916555957309694
0.4084816452686636
0.1705113388963152
0.09741658823249044
0.14085152914506227
0.353884005913056
0.5836303730492619
0.3781135985217148
0.6411012322557127
0.9457606456402038
0.05724516367636845
0.3526153987064028
0.592238700363477
0.15692007225434712
0.7793319335842052
0.9135175985761415
0.1326849054789041
0.6813259206544923
0.9861415203502767
0.44713081105922103
0.5398496932351858
0.42899159924663943
0.7939512156959178
0.8893517043458872
0.06427014241398421
0.9420603785812619
0.990156421174581
0.4228887730274009
0.973653592454029
0.20683304504721622
0.024333798699613274
0.09773352543928071
0.04599143745515266
0.2398252712636777
0.788539416022948
0.763213098425051
0.42766815300607075
0.3855071746604083
0.030988680818805348
0.9626563702884935
0.8554969785604887
0.47919828073414217
0.40839774497816994
0.8606494526443915
0.7308723970103622
0.9006607725978163
0.24964858778399945
0.8480537242559698
0.4297365476856443
0.07225481828094471
0.0770730766857981
0.20140303809383886
0.53381510849045
0.14008953760783316
0.8115338100359496
0.06099313699228048
0.3765858265979105
0.41742411105554145
0.37361271908659544
0.035921510891339214
0.4117003611164999
0.6666431403804517
0.08560095037383175
0.9445306498943141
0.43208849829291396
0.44945126760535137
0.8776162838994537
0.555153844292003
0.5947312623866801
0.5845020547073996
0.806057729195397
0.7047571664589198
0.5390970760254907
0.21749651744224363
0.803738879358678
0.8420170501472743
0.6264934590696045
0.13085709084952235
0.8984252217188767
0.8665681422500768
0.4730940960461538
0.6984029277903119
0.36013272899869675
0.11760139191829988
0.5011591626933884
0.3250230404257832
0.3674286817842817
0.5026873937776732
0.19097458370295917
0.3021638149748511
0.819107508679136
0.051645814276216284
0.08029350067343766
0.7570177564565679
0.8599981403593537
0.6304766488751316
0.32857139174728334
0.7766211014420694
0.5382915604136383
0.15681448358234262
0.8400439146116182
0.8476375190821203
0.7666603431297444
0.4210621817663458
0.5227041640411266
0.46842590292667585
0.42057472968078213
0.5363060376211258
0.2494942996002224
0.16206065878931164
0.9746027161097797
0.1153092240865935
0.48353384387941867
0.1472926042074566
0.5511140534579055
0.5043263420212784
0.33096495624066447
0.6090099076879537
0.6356913483364781
0.79117615814956
0.9930032342557816
0.8505775366046274
0.9996839471764435
0.8489565678047922
0.20303931160284072
0.6075052644053475
0.562723419812861
0.3769790421641078
0.25514558143929233
0.45521370192358923
0.02665161865068244
0.756947290641723
0.6570993227506988
0.5532384019338211
0.11719607121380415
0.5550982278237692
0.2740418009494069
0.9340327081529393
0.1808593795302833
0.669970254887072
0.06815022848730479
0.16659980050292045
0.7018725235000771
0.45065802975452474
0.1852080416251064
0.5035050710487207
0.027694947406925685
0.5918588382537887
0.19071598925024713
0.5543901936045518
0.22142670634634332
0.24971082726423888
0.7161946464596848
0.1199303970900526
0.49563090993652403
0.6163685547244167
0.640587101540209
0.06724714416428801
0.12444791133392197
0.14145680374847425
0.2021777365106574
0.031108266661995287
0.07951466017420672
0.6949888476222406
0.1132014190083912
0.2848182719319159
0.8900864829449264
0.22903059243734492
0.8323247820300167
0.34052159372111257
0.3888902352538288
0.9143373837845918
0.63943959953039
0.7107122694593991
0.07262186214290312
0.3033859369805847
0.05271533497025038
0.7910632286455246
0.7796328833214721
0.802668108209746
0.4296165330985322
0.009259175585271784
0.26723427124806765
0.624810045337422
0.3015981454503148
0.2253373942603969
0.0571781559331499
0.43502429247181396
0.10644949814234206
0.8661106638140253
0.6102612878370381
0.10659826118070015
0.5027659927991746
0.429567101720267
0.4896262837709471
0.3565679778360916
0.37778487049571685
0.8047122540937597
0.6772203952094841
0.5454207983370585
0.9928294761128399
0.318138577445614
0.619003282710525
0.5936167408954649
0.4498643486873266
0.5406781234242758
0.8918791222300425
0.7929126318591911
0.8081709235791612
0.6658144214897755
0.608960300602859
0.271919443430655
0.7319118864734624
0.7061000587204286
0.8096535695152748
0.013017702656133112
0.507359687858053
0.8446462379609735
0.11719176518405117
0.6117018123585152
0.6328227060717818
0.025821786156465243
0.8886170018292414
0.41961883475139283
0.9548102326405657
0.2726183610180093
0.9308545810835623
0.31901338481129404
0.5007356500704009
0.27770988514003925
0.6113993111080491
0.13898451464430106
0.7414641212122886
0.5310537672416732
0.8532684967604516
0.6429069994872024
0.0062701337120733
0.6189524242840769
0.07125915663681814
0.09156379028336459
0.1682770066706919
0.35781337321733664
0.5801798371839034
0.6179820042367508
0.520208709658745
0.11041683299899319
0.3856094154360693
0.03766064029267069
0.9682923381189251
0.9733201146045782
0.5538693563869808
0.26182245788274017
0.2864069167181589
0.5210979598089168
0.5502776227211089
0.181518914497937
0.19308253230838957
0.44643896827640617
0.03338562339892259
0.7468616377994075
0.440711223472122
0.7446878533661638
0.5977826985930853
0.9783492336461567
0.9393390940846016
0.05724417224289846
0.8691849713564055
0.8162041685015097
0.1766667010352051
0.4102982247182012
0.17290860519458973
0.038828927013692005
0.8413930088033748
0.8637048868982098
0.7204597585752144
0.9629366878880742
0.6087953476421973
0.5193671342519187
0.8888571469098918
0.275606507555475
0.5054464355864169
0.9293205597563469
0.70343544239152
0.14245876127237667
0.13422655773205505
0.1907809587269983
0.07726017786306971
0.6863416515314585
0.31129725555137167
0.9187373489733701
0.7089186392373031
0.037364907688804405
0.3434608593923427
0.8462428465470749
0.7953331834249652
0.4178122195158801
0.25733728781856147
0.018376547446458114
0.8773764556922848
0.14440924744249206
0.781048226567389
0.4179192009682138
0.20345116308389966
0.005619263373740524
0.7746059285951383
0.38910669806361875
0.9698291373170316
0.2030838663603881
0.10696211224590046
0.41039497471030495
0.6764281182894047
0.9340215635606393
0.6856800186883191
0.6079902599380981
0.6228367148903686
0.7353422194451211
0.45945062078996257
0.8989696211447064
0.2617813631965489
0.9104307381879169
0.7341816127920244
0.8061362405297882
0.7258614042831257
0.7159987513467126
0.07014601777523588
0.7963244184685079
0.3482620289753391
0.49909820743892586
0.3606844484480177
0.4596901675777456
0.40928647684425157
0.643336153211053
0.4322136006235048
0.9695925575533335
0.6579328976563906
0.00852546456031189
0.6508006464648314
0.04099230165606138
0.3813732596737731
0.5294512768579936
0.5723215977839642
0.03986355179466117
0.9250748095174762
0.7771285421333564
0.6312290143902844
0.9869357836521597
0.602437407341731
0.5798710885950711
0.22721296328221074
0.9461527710537085
0.8752029811478224
0.25168825150913254
0.3395457770157202
0.6915555658257018
0.5345255605351835
0.5819700039946797
0.9756605183264833
0.6058676803696086
0.3674743813372159
0.5031173001793621
0.3435193364757665
0.4798796493838182
0.4548737641604075
0.27171947185064815
0.6265867314732163
0.25380187610656524
0.8137676434878219
0.07407548498711503
0.6357302808025205
0.770073723100007
0.5714289466469056
0.1983017521390662
0.4141290451490671
0.2916881202341016
0.2377163115184857
0.30296435652188314
0.0792777145067376
0.8809105247467425
0.9287145871111868
0.8561182570104138
0.8004326137261836
0.7303418751870256
0.5869771438285803
0.5188325004491048
0.8303533014082786
0.19159522103481053
0.3423218497751894
0.10372446669306745
0.9369510703752337
0.5564262196282594
0.16201454796265613
0.7517227342611245
0.41346421994826643
0.6109778372567711
0.8503074836606652
0.1392222885241351
0.08503686751799633
0.6058698338256716
0.2746822074412786
0.8529923577490843
0.3750863839523044
0.5631843825048508
0.4197797297014928
0.5516411184790523
0.5466026053161573
0.7759688232073497
0.4998835172916948
0.17013797174956735
0.6915288981092058
0.9466974259891863
0.8969533917342072
0.21783895770363182
0.9056341554106333
0.6582040315535501
0.13359171838036266
0.17065572779400795
0.3567913768060711
0.7739178224807832
0.4389555146743883
0.06445491047522522
0.631337344525354
0.923804888061244
0.7205113396304005
0.6594686945780439
0.8261951030347441
0.44823848396614496
0.9156626698770052
0.9644440063147532
0.3436989380946007
0.044091104463369724
0.7646617264672834
0.4844520921201162
0.24156938033899888
0.8856618582850311
0.019851328241259125
0.28772590364426365
0.2922436214726061
0.17762339309858088
0.9861644657415207
0.8745882955933265
0.6137743003866489
0.9379918106726243
0.07394247752021754
0.8754786784820953
0.8487679200501883
0.3061946487734698
0.7375155078233807
0.8052820989295406
0.38834119717954485
0.8246315913293085
0.7716215546138468
0.45760868187559856
0.06483246526448316
0.9516925492462184
0.4426234012376271
0.035368132729164836
0.07001200303507193
0.5300191735352032
0.3426153931981206
0.7829281240489091
0.594793823498028
0.055865054426560756
0.17189499932687768
0.7103413363575174
0.831958814605015
0.37373075881356443
0.8789069072915244
0.9815712870093388
0.5351570489841011
0.8550200794959735
0.7166497339365839
0.6763417901653547
0.28546487661482156
0.21028418814561622
0.8106692185622111
0.9291809267323309
0.9810303937814092
0.8316903824587223
0.7761435846422433
0.8994252771010516
0.8358482543362301
0.9656731973019537
0.7702000597358399
0.6323956400086757
0.3504632539786384
0.07529499348174717
0.12048447181119337
0.6346506188816755
0.3004093205199051
0.4676640690285645
0.3321381544567723
0.9051700774488982
0.7774486734332533
0.6338287257229137
0.8427198071388294
0.23951534225496718
0.7141836481760121
0.7768854487892594
0.36824232400626855
0.8554588000802555
0.12437164066725248
0.688610402101616
0.06337760957662764
0.7762705342549546
0.49928106985092624
0.4757430779682321
0.005015088285586278
0.9517950426330664
0.414684492773683
0.6341217474931933
0.7007427026027776
0.7976464643349533
0.4235925916455545
0.622190486906023
0.422451563621689
0.6892959185592898
0.7365905203955925
0.3949676925598552
0.17014879725578014
0.9605200930510007
0.024646168492624132
0.32538676837325486
0.982195223637787
0.12462511381323804
0.9185172589945736
0.5619894650048698
0.1255681333440053
0.3620556801010295
0.42439264895880846
0.1502729283408325
0.4233815269120983
0.7994441499519231
0.5271603891072275
0.1795619520701882
0.6067795205044682
0.7428498125585026
0.7107031717605239
0.808097867595749
0.11445094041414716
0.8218840458958871
0.9888799170712148
0.26610619597420226
0.20539647387556204
0.9516120884575566
0.3113592254017208
0.8399253047966745
0.5992122506832779
0.12556782560866286
0.8852294620616719
0.3998485880661925
0.11303630840874679
0.315912694611991
0.03631661586960111
0.2501530893992434
0.9254378780032192
0.1757159469048749
0.7234002240621162
0.9518578841644834
0.16491158111012671
0.8135280765722452
0.7140246059506473
0.2970756711528314
0.4942718396682144
0.6418650911945486
0.7323606895786149
0.7983912417764161
0.24212528912930165
0.18891608116373326
0.5975816275650899
0.8975215098748652
0.4187323085625534
0.8067323819230543
0.48547334424753563
0.5945806773386367
0.645950833006812
0.40935167265313077
0.9665083463944577
0.3525963784689715
0.6295893758961165
0.7307555236683202
0.40036981422410367
0.9414909728124569
0.3073780263376943
0.1052546253377239
0.599920009191562
0.3515638735064297
0.21689973334976975
0.4418407284890652
0.4168654596329262
0.02858058623497517
0.9452066603513669
0.889240256351514
0.046878741288848835
0.46089430240407403
0.7454792336505087
0.6698492120583254
0.4036947898136406
0.5835965434066557
0.5359684799822672
0.6984246834395744
0.8697073447148601
0.5555134328814609
0.5325947542575464
0.8953538207022255
0.09484892480852525
0.21193463434805127
0.7089591767890091
0.5545155597356409
0.28604571892015507
0.8992820576636119
0.1261564945425988
0.7321969220555542
0.6062963610665223
0.45749622698249437
0.92966135215403
0.38621985225082267
0.8854314023683675
0.8317378377604056
0.4716921236949785
0.9133807851779677
0.8338683775692166
0.16707299932570263
0.584840063572076
0.8084997129659619
0.34618491740949575
0.2681306231580868
0.5063837234702395
0.39982167969992977
0.28309003487941786
0.9902905971653166
0.33259166159033426
0.0032077335640451343
0.32838196058348423
0.4697823640766826
0.16844917398098092
0.38149918061253185
0.1317384236928567
0.0971427047758332
0.3306277909788842
0.09563283386087229
0.9686929494078401
0.7918031767072387
0.06014887449448525
0.19053145378488712
0.5759091079430583
0.4451467219164644
0.20607540525530532
0.6714880526186449
0.6528716772246995
0.3651943711088611
0.25269932077593393
0.39570838880284986
0.7603722327753916
0.1781522291835833
0.8800740199416031
0.3288715578559034
0.9916740416465051
0.9203701765428354
0.9713745874040652
0.5980131828494022
0.8439991902862937
0.9888335318228331
0.610451746581286
0.4097318845681547
0.1759882778007421
0.20912903897902768
0.1490770652346628
0.6966642049675569
0.0010416486197923902
0.5268976205347535
0.8657611764325618
0.30536905224874866
0.1369578034739265
0.732105801368749
0.08665867380209724
0.6452079604929536
0.4090436510528128
0.18503853390519764
0.8939562460835545
0.9805023242551812
0.1868780253989062
0.7287363045209604
0.7082739211860466
0.9671946944243559
0.524168404396877
0.8446697664681951
0.0989915487862798
0.6104362539598054
0.06664832554437794
0.6367653093940652
0.15004577036330013
0.5509676397837405
0.19472072411800134
0.4134656250761509
0.5886253653163143
0.47585615970973694
0.5755604350896489
0.478329092375654
0.6703259155397685
0.4930973528766379
0.4136466735460159
0.23674291681471382
0.5067072895590278
0.5097841445437141
0.20920449689993192
0.8796441284525085
0.11983039022970243
0.009992432077060687
0.760791461432657
0.714714310721458
0.013232296324019233
0.14122704855985757
0.4812741657462358
0.6813328040612955
0.4599320882255006
0.6872174585506484
0.8356967999535306
0.7076444361707471
0.02544189562062893
0.3300475765419596
0.8550516075008843
0.3464177756879354
0.06739111177452806
0.5860500292350724
0.23171919719523226
0.5609400974368285
0.08325403463165004
0.9375897428690908
0.4603542755439465
0.6230159234566574
0.8138044312487797
0.9768076385349429
0.852250274464009
0.8322058386608774
0.9523028759058543
0.82759012218531
0.021724094643614245
0.1687632401052408
0.15805606119645044
0.7184757947625227
0.6198202173788023
0.05229609717301009
0.8278695989163908
0.34190569767698153
0.6736406697754896
0.09400208887519723
0.7400489166862847
0.5541688206854846
0.8788660545820859
0.10239511233976129
0.252985673880639
0.04559026482105932
0.5885396940361992
0.6307616417221672
0.2139996963947952
0.8419542548264412
0.04294552285404696
0.039155984350233375
0.11398962832870685
0.885849832274556
0.5934177335320452
0.3845633113548985
0.3095779190943213
0.49057234012838535
0.28717805600133495
0.4499301171666411
0.32681880747021586
0.15940891071333207
0.20080470495914082
0.876081951255177
0.3591706611576947
0.11958182210457469
0.3366941107913418
0.6701181196774946
0.07731714139598611
0.9328186304793193
0.7298853355144482
0.32969433171327045
0.7795537566590309
0.7134632376131946
0.6518739277189813
0.4446735557413334
0.7288403084055534
0.8102379455449682
0.4435506302815242
0.9159461354178372
0.24625119395093142
0.2892108791224305
0.5611572602518988
0.8657909226330619
0.7604395831686127
0.19321939364525142
0.8771609869076786
0.9049684665447962
0.5488635820563227
0.3469449657835707
0.1422049989777251
0.66880877919422
0.34890537903171104
0.4270302752052433
0.7848018858588052
0.437875541567204
0.3656473835023143
0.12307490070396576
0.9021941721452406
0.21835958946375356
0.4579521382567323
0.4780408922769619
0.37881337138549287
0.8731744439719298
0.44562548146049796
0.9155451829903718
0.55802756939803
0.7667972552446851
0.5478253187321763
0.03671091127916781
0.7883750188964811
0.9152183950383329
0.9365111130971958
6.950253178530374E-4
0.46723895610243216
0.8169339257349885
0.26861224270248396
0.19070505116955316
0.9129269556725546
0.9817346985362179
0.8467258040533072
0.9112629550221307
0.5103755199491362
0.6711169459193598
0.7505376380127973
0.06266949611913919
0.09620889138726096
0.5174586848384006
0.8797928963730047
0.09506778474668032
0.47563858428545647
0.4986775243996089
0.35452539154524554
0.057200092757287546
0.2966979116320634
0.2109048346569039
0.12938780398982874
0.22389702947678636
0.246563879680346
0.5037821835260389
0.9963075763121468
0.6115339024204952
0.6802263725141199
0.3213062812382437
0.3733261783075016
0.6721340889366333
0.3435224603332474
0.02571822233024912
0.4073621899258282
0.5944948331972522
0.8105614318352671
0.5727542512064352
0.9547714532601341
0.9346555329519614
0.6198239815119349
0.6536446649036634
0.9459606584598715
0.7482252127747749
0.8637270557314969
0.32256820330492775
0.4889427661246306
0.0035295181817229793
0.1632029552438673
0.6878396341495744
0.821606580674396
0.817234168440926
0.5418500884355705
0.9609282624789965
0.8836046117112595
0.9730468004811401
0.7034697227979492
0.5294756757070725
0.8461466995649545
0.25929393763965447
0.612311380504249
0.7488012375410248
0.41161959128364145
0.3926156618722386
0.07710726037011828
0.8309541284368387
0.07483550915243031
0.6827159812616466
0.2479835408210448
0.5511911418573692
0.8238452934591581
0.13705152348026606
0.5495949530126304
0.48882973099104576
0.9506348932554469
0.40453733016452764
0.5943360171433284
0.1727458256742097
0.7406566758916141
0.8137931222056153
0.046240639484972146
0.8113569855404414
0.8150295857644841
0.7741491488630118
0.23918949518778942
0.2527507214774606
0.8103752904609578
0.9765760746437219
0.5923023536389175
0.44268920741053575
0.8986402887434705
0.15689817785134053
0.5109002688690233
0.9265410651349855
0.3728863556934484
0.6650952366359807
0.5131807148383712
0.8757617444470631
0.15491518572398144
0.72219283733273
0.7807559383858887
0.7103639592946425
0.6167251308957792
0.04018713644956762
0.19546343027941548
0.6358904811271572
0.5501814406486525
0.4306446910710705
0.195364094598792
0.31672111279517934
0.46791378199106193
0.1340635397919221
0.4596031224815267
0.4671169249718944
0.6733377551050636
0.8647770754913403
0.5148145342792545
0.3572240770489221
0.6988300221768289
0.9851276556257752
0.8450096989462172
0.10333116163999623
0.7784693135363834
0.7978316747003644
0.982397029753371
0.13999276099921143
0.9953886205354079
0.676904093144544
0.3583384251000048
0.45620384959847793
0.6236663306310622
0.6452045857840585
0.40165527947690116
0.018628665631921004
0.9708173075859884
0.050613818103655395
0.48575525279409293
0.3019586078052574
0.7193274486214739
0.19304299032891592
0.8465585936770241
0.9997942231410397
0.3643080293477011
0.11092534552749012
0.5199602302015365
0.799015885343127
0.8492292955513427
0.24853376045704145
0.680572559996687
0.5664291229341081
0.9128250416501278
0.3944135436473798
0.5027505826371786
0.41853973349532636
0.9776433702854723
0.10641518237771319
0.8104098185934852
0.9236352852489721
0.6343509378215934
0.8202570551223515
0.33390458071377815
0.11991872566431139
0.9057814982663845
0.9762430735907136
0.3502422884865528
0.12426143162286973
0.5108518705236592
0.7927060009706934
0.8471674351823243
0.853212006039703
0.2908512845617054
0.7649425139973146
0.12215610126326837
0.7812186373138329
0.8092434259406207
0.5748506081855878
0.9041205360356338
0.720592166902427
0.8910025027331047
0.8591765639117039
0.6686303678724209
0.32355812038922294
0.5286380758162976
0.20322262762856103
0.8067151932668417
0.37881571940419034
0.1494459876316554
0.8020630327665449
0.7028212506824767
0.0033424216133847162
0.7121555984916975
0.46276041414199565
0.5792521894113
0.5147528800610488
0.4810260973102901
0.008770664054878585
0.17243233987172069
0.1103414161137527
0.6115779681305463
0.6916690362855543
0.9205883683187193
0.4760075346577578
0.8745279917832555
0.9155260461712184
0.3629528137794962
0.10158412469287759
0.9431294103822702
0.43570671232085245
0.8773516224381344
0.38865872182205075
0.6740011290993675
0.20656227941791871
0.7160444046370565
0.6027978179197727
0.7226635036490338
0.22142857477078415
0.5389452869956897
0.34415523557301686
0.6523800103921334
0.013540850400700855
0.28885867165899404
0.4887655969348861
0.41853801675583824
0.9679195444655736
0.30512343000769626
0.48739396639640353
0.740683581824122
0.23197800484973685
0.030065580562020022
0.4996336535294523
0.4104591014199629
0.8065468619165412
0.526918188069988
0.08801381111901552
0.026074541155484354
0.349206585802437
0.29837482443683394
0.1001994455875963
0.9925761338157824
0.32826407928139967
0.5717003313922229
0.9269360468065165
0.882059710984851
0.42840485915233995
0.2993311011066935
0.5392121618152957
0.4091078178028634
0.5279976195556121
0.6131544687884798
0.5801826487795171
0.3441128381512131
0.14322346486360382
0.3661644913257802
0.3157166000858651
0.6607818797440749
0.9656469537449873
0.6969499941364089
0.4320034852251595
0.09400080998165894
0.007541874294467732
0.26047727961084355
0.509471721567361
0.07036855769968253
0.9132298975348183
0.8828891328622224
0.4993441143682419
0.6660950715566729
0.1948852311588597
0.9185484589167637
0.6824751912260832
0.8455897157352636
0.5077041452659622
0.514313227216685
0.3996849602168986
0.7389488099947679
0.5920333365491305
0.31903722369661547
0.30862518922331683
0.12768480685895245
0.17899632666632936
0.9155486263499755
0.04428333207656043
0.6254217420822249
0.9813527077031564
0.39786655099584056
0.9385505430291662
0.2639146436079227
0.8727698904126988
0.06817334230231598
0.8888497269488841
0.32463340652584105
0.4963829568487257
0.1860682262751746
0.5566407255409478
0.292284490372263
0.8374628541021646
0.06688578576417825
0.8236891722042164
0.7490263426690364
0.7452089189973538
0.5963705849752922
0.8373066274689621
0.8767676972464696
0.9951270003796125
0.4057567948770293
0.035339353118089
0.9898203624230314
0.24614952915128185
0.5343101104509759
0.2575037163323355
0.1813109797147815
0.16559949174530875
0.39564615916971313
0.4217365136283061
0.7341392600005395
0.07029510876380218
0.25964833065112847
0.2725485424818187
0.4209027055216118
0.6635382677221603
0.2635650530671102
0.39294046512118996
0.19709100974149452
0.8354236819370551
0.17387495300675726
0.012260003326553637
0.07798552400130154
0.0378525172816947
0.7347654544062989
0.13944986296689887
0.18208293817929
0.44582830157240516
0.4595789108712487
0.20445645284156777
0.022494229831870105
0.9730592996356774
0.14833777613234833
0.700139078161801
0.13265301749459468
0.2225859538034788
0.24746805980938535
0.28284028359984514
0.023800785082855436
0.6220978372604102
0.4070983156001864
0.4118480100623365
0.28909837162445384
0.31879987936593923
0.236819338640456
0.8863005990191531
0.3928468178272143
0.8901324425019225
0.312547146157645
0.5726558471933835
0.313182551955671
0.5643460515974339
0.9451400962790064
0.20666593834360358
0.7427457968588557
0.4388755941785163
0.08567837581109428
0.40087017426962424
0.9942026515184372
0.13465553796308138
0.012822317322195853
0.8919376795007073
0.10613543175377715
0.4309620882759748
0.12442350940747227
0.6217627676890563
0.8996974495307559
0.6880635071516771
0.23857058898833916
0.4620358811882236
0.8975619688251549
0.2839059952187337
0.2985094740556764
0.26408315726217646
0.08407796068343265
0.8662565713850781
0.27138540079456575
0.44408840539840166
0.4591772972888065
0.953171087042001
0.3325123198926042
0.4983811399737914
0.21846172257720986
0.30234941225046297
0.13488265683107992
0.6842948358647559
0.17803048403531263
0.51388648929987
0.07788816336738913
0.5991699419391724
0.7549917263152385
0.5311221189276082
0.009731163383308261
0.5433963689150995
0.4132347034792804
0.060738541409374514
0.7247622137857664
0.36296061085447884
0.9889215546304653
0.4459494478911943
0.9499888152972242
0.9327828122363659
0.7212908903093931
0.1955701210766314
0.25425750244217915
0.5641995064665226
0.1317480125307371
0.19695303807951303
0.45911896816765485
0.3982681288052662
0.11784941688585449
0.6222188411881147
0.6821443860495569
0.2811396427251506
0.758672121937207
0.6749082748973293
0.10146836794537029
0.708565713644373
0.3641909815478407
0.6181251438452063
0.8945920340124446
0.1736776969892544
0.2436702197842583
0.9754366507797516
0.574987596051541
0.6554945053815551
0.516708031929311
0.40224182658493846
0.1268032916283809
0.04518713447587952
0.04545599380362919
0.4880150400133837
0.9209756623656824
0.02294744064731724
0.22766784249056415
0.6687758988052027
0.3853140617079768
0.27037968800653744
0.9576149793941179
0.5043331006200615
0.7966294732076723
0.9316532415292607
0.5355387268260846
0.8062943257890828
0.3647384551375624
0.9212253804698706
0.6861926423721911
0.49053016884538203
0.9861799631421574
0.016763021766477704
0.1331602878892273
0.5717248638203897
0.6597411285463364
0.6729633673076785
0.3680173102345582
0.41784265789165265
0.5763958635950893
0.14529278385948108
0.35203929845299575
0.23878292538686752
0.32301769452343543
0.8222341068184204
0.8930392629925474
0.7961934679985004
0.47223626381135886
0.6304530916128077
0.35105233101429734
0.4903561622508873
0.07006486841601689
0.9993642489661105
0.1439670897471531
0.3052544716648321
0.17843355554145635
0.14989735536434312
0.24783630477783825
0.574377861846289
0.6815213638136454
0.40683597983452036
0.5164827636256232
0.16751340975203077
0.022787566808840976
0.8249196046365774
0.18114822538923403
0.49272007737138857
0.4038608654739462
0.665971310894352
0.3333166083036805
0.6578764485265965
0.24695261770697663
0.16763337172835202
0.5424756054284631
0.24263838424893314
0.3992181588500431
0.6038632364878121
0.015463139347668964
0.39433766632689005
0.6404982663248137
0.8531627919503051
0.8651783868478244
0.38029890765153995
0.5451300653497101
0.5625844498639267
0.12381961670239361
0.3042465038453498
0.6440254553979352
0.5238769852290328
0.10944406943236173
0.42591919338843565
0.1349718974083035
0.0627055039161224
0.6345279115793315
0.4107049309985804
0.09711889483936897
0.08269939847787922
0.3313368739174981
0.8800541703490609
0.27987119426411433
0.9031529057897381
0.061301412312276704
0.8336249247924272
0.056917234285093876
0.18252288288672847
0.974222561885456
0.8705582031046497
0.06287962388155954
0.029439083665059318
0.2880179822170279
0.6499780186050169
0.36308207687507765
0.8687621184734861
0.2708499273397209
0.6997549224476047
0.7461845362393725
0.7522950501596636
0.22486026933908732
0.5077680462860997
0.8749472915473276
0.5820744208199454
0.4943701871983538
0.8113455120948118
0.5821411353855958
0.14873721636793036
0.6512846865997856
0.1382581038881937
0.5566296527140506
0.9782803113667277
0.046575799695468656
0.9465873255992298
0.028906941741050796
0.7275994715541488
0.8591001461579615
0.1609832920121248
0.8358821379375306
0.27251498304753596
0.6216396771613625
0.5092736234546087
0.4214594449978656
0.6915618409560444
0.9589380229598068
0.8260802988353626
0.9124712328497888
0.06464199048335206
0.9336360017956478
0.40904568603948077
0.39877814970815406
0.37770712728780065
0.9633944685469051
0.5884652005412322
0.9418593578667969
0.8529604827813294
0.7461242740055457
0.9025690386090159
0.6379727856273593
0.7086364237163034
0.010126259522433623
0.6583905168656617
0.26997378829304797
0.6932370026852056
0.1920774368452436
0.20210435107688896
0.6961381622010359
0.7361750305595556
0.3381815178123937
0.922913010238251
0.14484310041087178
0.7100933265841813
0.6224355496662811
0.8710048903567809
0.01071770002990624
0.6097001328675643
0.880846673386353
0.8828034226965176
0.5808826865136516
0.4177815106881205
0.4715661748898341
0.27567122956669476
0.35915615595486716
0.551120929219043
0.5882906265949568
0.49942919946584874
0.3016104832360377
0.05737737200685933
0.8779127647463463
0.6134949950081603
0.3286234479369108
0.6685432617982264
0.8432876372508805
0.09614181806710798
0.9365738675444483
0.4074236961013473
0.048112264047441844
0.286322392476408
0.5965903571439607
0.6906492667217846
0.5832999944680326
0.7086995259752682
0.8982695576449482
0.7750543629915071
0.6028632530884714
0.6389691373513986
0.0730376185388113
0.9538238190086552
0.9922018528246456
0.5292572025485653
0.6148372124014762
0.12463073534259916
0.3928257945925615
0.33231786530191354
0.2050794232493337
0.22405862643890528
0.8749254900307414
0.33845417060328753
0.04430829085002641
0.5509214630620749
0.5228342119369703
0.8705294021834308
0.9947830004773283
0.18566553062760316
0.07831097678483823
0.0701315317926623
0.6461913347883356
0.5538570111758031
0.5727042978487493
0.051898843302124575
0.530964877544092
0.6788301005278133
0.5714409386834776
0.9032101268364376
0.23617493055287575
0.8218901023685539
0.25291566672044996
0.36288814100067757
0.08574577640172576
0.018036845720694306
0.04874130401089127
0.52526029987885
0.3997295204132839
0.4809935375198182
0.9834512936252596
0.584866009177213
0.0766448420657958
0.9733971719597148
0.16912945650206657
0.46229496290234506
0.3903895506640286
0.016326116233272292
0.1340746477085022
0.1330867766378092
0.44499482602224893
0.24691148828335718
0.7944909327756899
0.6193168489021006
0.6884968660731213
0.32359873908914993
0.9143262469680489
0.8974391245537751
0.2514591659333548
0.5256966701197077
0.8407660909808051
0.42615168071671883
0.6461869048229019
0.5971710038359016
0.15152072010340945
0.6044961834619567
0.5394324580357043
0.44421001202582144
0.6049278829030891
0.233097928153296
0.8943987749660559
0.011910369799825071
0.4450255542455379
0.9703980219367996
0.76710553922652
0.037501105453260686
0.6811318655019353
0.8509249622586259
0.43769049086041245
0.40584455290632904
0.4351027558081543
0.16409806942766436
0.35897620584473133
0.5175227230286281
0.829319889598054
0.3797504656392603
0.6126406368701971
0.4206387115014584
0.17459495344990272
0.35050452774186136
0.17758712141919397
0.45453212238875496
0.4095587730461334
0.7213285277025705
0.33561780385250983
0.806928673963207
0.8417367904085409
0.3330478442803231
0.9662719925445733
0.6956138436087823
0.2453949267256903
0.41927967860230597
0.3156987751440633
0.8515411051895739
0.2823731575482181
0.565206009311538
0.06369122988114384
0.6023553462075715
0.02950635244336719
0.721793910781184
0.1585170385349478
0.1336325111534027
0.11986534534903959
0.050518459818022166
0.940938538517473
0.4397068652424859
0.6349334057628967
0.011338351675938885
0.5368226530985223
0.06677759863134536
0.4209665991247463
0.900619927517856
0.36199937902075985
0.9980563779925642
0.9451692287659283
0.9959003012012367
0.8535348312973619
0.9340387626371246
0.1559479098285489
0.5708257810053656
0.2183429892829556
0.7805513066112862
0.0663914469256155
0.3062973646331112
0.07306833228958487
0.3730478817681073
0.9412557258986234
0.042799670622253094
0.33842855831015073
0.3376980494136279
0.03511611705254414
0.3940857297844529
0.6467152727246509
0.5181312626727874
0.8029826047678171
0.4738350632561582
0.8229077561534146
0.581270481890869
0.38455539383503123
0.8745975963868893
0.7078631156768257
0.2565096067521877
0.9494321095094674
0.08228173644827785
0.7063036970385117
0.15955897460326363
0.18295993918627684
0.7096396037837109
0.9628304067525004
0.3056037881487147
0.7910591853107163
0.28864860294018624
0.9959487112560351
0.22599074866907432
0.40722759407446185
0.8743828401650897
0.9531015321096241
0.06847780204541476
0.6960672690911581
0.38191403189903184
0.3889613977501517
0.18315331716575478
0.7650592550918897
0.40297627199966135
0.6147415980388579
0.47445024602387065
0.21994334460646559
0.23057486658789916
0.2180445357553764
0.23425184061236248
0.32894349779100474
0.957414243948944
0.3107726099871614
0.2619055072391726
0.7972123677181813
0.8079655803919946
0.42688509482937187
0.8240318542763423
0.5952509411974511
0.31419001457853646
0.7622925200600004
0.41033589150033345
0.1336920581024832
0.5513786294064119
0.6259373926399678
0.3011985754533748
0.8317198731762623
0.413265791888052
0.554118134618368
0.6786458893663225
0.7875294448262117
0.8245173317374286
0.5293711241421354
0.3843641516058809
0.8266140789072784
0.8638912116219893
0.14073313063184423
0.4567500165117647
0.6773004377344437
0.002812517987602292
0.3239647527095656
0.26355375203507225
0.4028344144976296
0.05180105765962428
0.5283225523834969
0.3874952819114479
0.5054536258133897
0.9511342607248787
0.7707263668361998
0.41930221414942836
0.3102651350426019
0.24232374276302904
0.05867501483610604
0.465939698745943
0.3353795968246416
0.9134297262403027
0.09002254512642194
0.49137219915855135
0.35963646700866136
0.3239314756411724
0.9707337691886793
0.5730177947199333
0.8103868676158349
0.08381879167066975
0.9309969532096527
0.7791251584733502
0.9111843969970522
0.08676377417024173
0.6655779835926073
0.650624931576327
0.7528660099764
0.3786780759099414
0.9760595952776657
0.20557637111530658
0.08138914440999989
0.18065536248684477
0.8506154318093333
0.9751509658146568
0.13192274106849833
0.17924537756304626
0.9812282725170096
0.8271653161628726
0.28107358065057997
0.14719956790185162
0.9887678906248192
0.2364950529462606
0.6377618538744623
0.0642751311129891
0.3031032083877625
0.22127275229646204
0.9481425780905445
0.17037870983695147
0.7284303419451351
0.3795926860882909
0.3511025108216743
0.8022764200694726
0.21325626636113093
0.33351543319395693
0.5882448420098091
0.4402926935892294
0.23998561566458287
0.41548612302853394
0.24590684308142952
0.1228648660751116
0.5508160553432457
0.6168500022015465
0.48663842480873143
0.27451684664042486
0.6346551445475843
0.6589694788276034
0.5137025500660728
0.03675934414157622
0.5140298939122522
0.5445172558021395
0.7045408572986942
0.39162051578997925
0.8914675640732943
0.09983994356429349
0.9477811361471472
0.7239552378725161
0.6415843234768175
0.8288579095242364
0.2232457147703112
0.9813775298837605
0.9681262829695844
0.8647859776075609
0.8755528889007792
0.2596049389764431
0.2844649403174776
0.9280312718803371
0.34928624717096746
0.46619980054841215
0.02155707938252427
0.9769441153842755
0.3773396324060099
0.6971372974758416
0.11913713976139795
0.6726679227248694
0.7439278687392694
0.09832532216540768
0.9139172581899387
0.8701554907965297
0.7798870975097748
0.278147047290653
0.5028289522339029
0.09448779417013375
0.6902703077914689
0.7872917615383705
0.4298473573499416
0.3649532607722301
0.662877383790699
0.7885854144135003
0.7216970950507715
0.7889147429996666
0.46124101084176194
0.8022270549499334
0.8807469313424443
0.06331218166379304
0.8667234221906333
0.33078338684021713
0.43265759105800816
0.3937191244762288
0.9017608476206856
0.24348807640182724
0.021855421946283426
0.36919179065014873
0.23992635263035444
0.030838697010855842
0.8496622344452771
0.015719225515823165
0.5883634802055153
0.4281786829757639
0.45791939854080266
0.5919041264819099
0.11427707737784465
0.45089772025325403
0.47520208347635673
0.6875732086859769
0.17954943537630452
0.5840784618791249
0.9632275730553069
0.8393375683847822
0.7461833887733084
0.7258638391732372
0.4278191487040943
0.18669253675840392
0.8201565786875972
0.4965133286508271
0.3917947599965156
0.6580677796151332
0.21240382032063687
0.6940631273062461
0.6664079556021143
0.7983082983062834
0.7130276791921669
0.002699278739634936
0.10347589610478714
0.6273871482182836
0.49846947818844545
0.5413990286343388
0.662087382770963
0.8547215605384622
0.22125674095506986
0.4780905834913235
0.08179150613608233
0.36428382324214814
0.7680749797786497
0.728526759623485
0.3184251475549359
0.1327690581021086
0.11429508086701012
0.7092635017889618
0.16924601989307864
0.6464019848259468
0.051720181088804495
0.22057926684729467
0.19079501985230451
0.4415355303106405
0.8211987022354341
0.7978670740542034
0.09591978311002092
0.610013947227715
0.842883320337269
0.28897557861080836
0.3056491583069332
0.9823437845604556
0.8042978319036437
0.9901718537870166
0.22711633867807612
0.23003609828878235
0.3400074011384512
0.40484282484694567
0.13048562731225866
0.313053969756641
0.4165701331234408
0.576748255110449
0.20584620079538407
0.5391192073437253
0.3225805842582319
0.9935835311090421
0.49529361567549335
0.9987030108513218
0.8559989462193336
0.25680531934379736
0.9159281844385143
0.29284493371060594
0.8995923143792682
0.07011894684200726
0.5162563483178012
0.2805158000735315
0.08019734656349786
0.6117215269167092
0.44148974370751737
0.038059403046130535
0.6186459881591828
0.024339961601473115
0.8224940404949513
0.3453191481083291
0.7945797965826182
0.5822987184179116
0.9486474931999899
0.7913753484244165
0.6740096739445014
0.0762969132958472
0.6366272956961326
0.027389755527921222
0.877362352679156
0.09427041581496542
0.6651490306902167
0.784873824985027
0.20188612900759761
0.1706591790189662
0.5099428124176953
0.02476764731676695
0.8546726747969468
0.22659574919977132
0.3837575854460945
0.9860370173607076
0.9011832148875788
0.3299762623301986
0.7629421958502742
0.9620660402207797
0.28905122419676843
0.5670702875468068
0.16516058810816048
0.34894321578570875
0.4680660684610769
0.7362713048025945
0.9320554789057384
0.8818092124224762
0.19462477051191107
0.6497850756963688
0.1661832766814978
0.003755070313194997
0.5825723751930401
0.06049828121051448
0.7733003050846146
0.9963292335134784
0.8422335712976504
0.6189649897852857
0.7690888145444496
0.8415329515512657
0.43557167751039516
0.8093944096743643
0.6236682658517223
0.7822533105307289
0.5677933227929116
0.5137178250960817
0.43774613188246425
0.201403819540931
0.03435037022247944
0.7092587157589019
0.1710194567793729
0.7496124217633159
0.4471733419655747
0.8182250720848663
0.9764466460760355
0.6171175856477605
0.7751032786782099
0.396187976368938
0.9332667376752928
0.4676029866456862
0.9508719966033214
0.17190620434086357
0.11715112460512489
0.8300218980817706
0.02061333002285859
0.9323018243545054
0.9976305299866248
0.6790325936214271
0.9417708658732162
0.38408697975243744
0.6109479726589016
0.5254864791005003
0.6714004442123972
0.9174873977537105
0.8207459570721313
0.5854808711917275
0.6292486108590186
0.14770355628078657
0.24950435057421616
0.4998086374138353
0.9686208347733171
0.21619560515798475
0.1404030339740847
0.6352073063436583
0.3429361492581279
0.09657361652016083
0.4922909786085513
0.2146307932728876
0.0169981514396913
0.5688198307122059
0.29970164522674414
0.39583646227303304
0.23939401688961082
0.10076535622203531
0.6253622502377023
0.9459015727062664
0.7660675577978359
0.6071882636153143
0.5344020545858045
0.34385261566382663
0.3049934431399872
0.9445961940637694
0.6274728467600574
0.9844116585633332
0.43801407921279123
0.043701443043697275
0.024252722468621313
0.6529345858138764
0.26828226886738316
0.7817918119700255
0.16931178149373605
0.5949353960342333
0.6403863663210433
0.05364595749380552
0.7590762867483072
0.3131621574706569
0.2851169582192459
0.012337316212249982
0.42163572945012595
0.691009779890553
0.6519672764189318
0.12021570320176067
0.5203950729095689
0.16312530925110624
0.5098420340499057
0.47555144896945767
0.5980820864823417
0.4323818881716178
0.6200824403829068
0.8617718418020943
0.529377518200604
0.6669676122563918
0.915798002128663
0.10391518609020345
0.4084439192659478
0.20215596487718823
0.6576279864830822
0.610872958740924
0.561886525611638
0.5183948542934024
0.9784392800892031
0.43218607542207876
0.8481872426598879
0.6706714324584055
0.07809884949656765
0.7646062571319028
0.5814111993696464
0.4036803213690783
0.0843431739592726
0.6063292565678451
0.9999923611218715
0.9031431931299371
0.2568987396244816
0.17575143013128036
0.1906631342420344
0.5056978738257545
0.7793911872534227
0.786796956018795
0.7731004334324759
0.7180954178387859
0.8572131772673833
0.10430821788376465
0.45261841976617745
0.5810141668272397
0.21940401094155804
0.09068698874252157
0.7562462746958969
0.7536198317354272
0.40872670541593026
0.4989191654556504
0.8817867328632684
0.6920710557062615
0.43651129301158065
0.4673122464402031
0.6099591285663122
0.9484902388751197
0.47746557395279
0.6277182674319425
0.6564888513167297
0.9264897817521576
0.2845376476975773
0.15171187491393445
0.6740121032928269
0.39516404912589376
0.9150472981952562
0.3281375743874807
0.3529235815940287
0.6855278224872519
0.176685921135452
0.5906356811749588
0.7158018629709306
0.7717023190430674
0.9256179761926641
0.39520227554544163
0.7518053962392455
0.3737199200544097
0.9787990170552617
0.9855328676141031
0.995439781683499
0.8096395539745306
0.9387590576806994
0.8778459081501314
0.5183544672192317
0.5717344027322077
0.6714818431645384
0.8470764923042384
0.07333578684081987
0.5048344031770371
0.5266445162619224
0.3027768560679549
0.8064196081397472
0.024476082232214202
0.6443640038290215
0.20575480491013343
0.03605609195209514
0.028332577164131734
0.8537297377349873
0.09542725915225503
0.08751598307776187
0.026467057861655374
0.7357852094870185
0.3730606412086841
0.06623602278615759
0.5442732308246626
0.3972533816156859
0.7175158162608711
0.7555586537398598
0.03653647923796244
0.38118403585439586
0.39781028646520966
0.5323294426276585
0.391870059576117
0.926833640531005
0.2907555513080471
0.30807296587616184
0.6038506954960214
0.48347171278377643
0.612123087526346
0.023975764519626463
0.3384983148388291
0.981439700043908
0.7262378389750239
0.15466346505789363
0.9373150885437851
0.868671896209911
0.9115927246863252
0.008765795428334666
0.8609190978540076
0.33202024827312515
0.6290240053301054
0.35352224589046666
0.7003785191181638
0.44010796148376774
0.6641817435621382
0.036187973916081084
0.6616720263729209
0.16806974100811556
0.4974755690145345
0.8267580894940736
0.8632721227811135
0.394418734274405
0.39237062311282
0.6645357917724023
0.877667700295415
0.996414040715487
0.9868546990152891
0.8553277478090825
0.6947131685409981
0.11268424949523659
0.623092153023907
0.536558147453843
0.6880109937298747
0.49049648531432344
0.25672576841662087
0.9043503793809408
0.22510569488740262
0.5899424022796877
0.5499831341997848
0.2796333249252505
0.2780867262126746
0.778445654939419
0.6716894832938968
0.07958669634755189
0.7632689264971212
0.5163782975296914
0.40248379560536673
0.15624842770910563
0.3669386288005214
0.9082062576483189
0.37498086102233963
0.7658638049320929
0.29872467230943034
0.3734668863905394
0.6663169337492388
0.6405650883957281
0.7549731056196693
0.47801415642200396
0.5044620677776498
0.24822711289972033
0.8715752670219182
0.15835062912031161
0.5498774884246795
0.34685287363893513
0.5990189673557315
0.6704968466564113
0.07054168007374606
0.3666005917549383
0.24200284692304885
0.5997332420939788
0.3410641810210787
0.9855716593754085
0.37177428709078064
0.17868077157307805
0.7655514024663513
0.504736580873561
0.4414216636737619
0.9785708139249825
0.5490840854843551
0.2728841057197039
0.712671815741784
0.7621865686792615
0.22411145609037364
0.4642362350815271
0.037314338712996276
0.9168415347089031
0.9757618848987686
0.9693796478341914
0.6271939808471931
0.42189355274943796
0.504016258755672
0.02442228716223993
0.19378353093143863
0.7476752414156348
0.11088442299840662
0.4737910502694733
0.741669002813284
0.43135480413001437
0.8071710375744552
0.2388449213308833
0.8598501959598693
0.33012417989686904
0.4961124600429302
0.6474850826355975
0.5705790704106802
0.7132436984525771
0.710111210911739
0.7692022577940347
0.6675295744402792
0.42185598536963
0.9519903988280544
0.7955080884281339
0.0034120574785908575
0.2991138053510586
0.42363541160010776
0.8074566095114765
0.3717164080010926
0.9730504383048566
0.8125854953845768
0.9799682209362682
0.46808789399054895
0.8607527314978238
0.8510836082305965
0.3869278548163305
0.913910304237838
0.9547809603288699
0.5622875958079085
0.09153528942033273
0.4779909616804736
0.5514115747837368
0.4647914423300977
0.133145019955195
0.4418129356851124
0.5851622655056918
0.5193008616178607
0.35483940089006305
0.5196396497345839
0.6451911684542365
0.27025205197259694
0.7552375567654381
0.8668277780143441
0.06654537747721045
0.4603587113551528
0.19355006337731806
0.48802431408811653
0.7128661338259726
0.37751684981192557
0.82864717858333
0.7914941991030723
0.19704130116929042
0.3311929565266586
0.6309163027352009
0.12664512600966493
0.3224284046837682
0.9493659821909538
0.6699419854693275
0.8888866563643104
0.469654417979792
0.43728875448662696
0.6515499133427345
0.17928061392783412
0.5026310110144596
0.5457804514049737
0.35451383870173825
0.06601065751951907
0.522307198630399
0.7594563489153141
0.20023229788948227
0.21051868965683596
0.4578137777268032
0.13424648621316193
0.17794012702921613
0.9932264582705939
0.052037086531385834
0.2887510342177475
0.7435266366396567
0.3020808810193314
0.2722919420808334
0.2854237477951025
0.11179156263614465
0.8317318018771057
0.5566471234894796
0.5252724560650907
0.5699763256378454
0.0819714651655965
0.5925889356939317
0.3237085597432865
0.05466684383755749
0.24113511367845286
0.5170914164771078
0.535374632247265
0.2546714317064779
0.7934824406541565
0.525794834035889
0.45222348851824734
0.9292357405012678
0.9991501649945204
0.8838765926100928
0.21181775390523283
0.9639636343105847
0.36108580162496606
0.24233141380641676
0.12176430649505854
0.9260716552806888
0.8154436864997316
0.9807608998456302
0.631393203465663
0.5261116927126165
0.6602441191855052
0.021405119941715123
0.16323583539120368
0.44505503039150696
0.17166687844886175
0.1890314970505833
0.6545529611050915
0.4436381394608714
0.4481710050995784
0.727429530844062
0.45310770965512703
0.5351287647743961
0.269702484114011
0.02564213484431188
0.16157469450526718
0.27317870964307767
0.6625724554486052
0.9556980349851675
0.13142152035257326
0.8831869741240309
0.42015823225007987
0.4784913908864602
0.569793666473892
0.04860575084106322
0.04540029917790267
0.33558844903828733
0.6418803716794403
0.6528782809783326
0.45313824789291723
0.7121237280691478
0.526432762643027
0.673206728337286
0.298649352694775
0.7295804918555152
0.11355231808883803
0.7241048853918153
0.9833235576824461
0.5071339490659179
0.9215620792931773
0.4566991673667059
0.2292290062420117
0.31636758367492823
0.8537187365128173
0.13399873004683793
0.6113927302213982
0.046556503583604525
0.6157189786345563
0.2228633481304486
0.5899409549723191
0.7963440562373593
0.9713989303031069
0.7701559432714051
0.3938144258624716
0.912520974278113
0.5267201633522497
0.6635737898909356
0.5735940612176053
0.20774916124108156
0.4010823844497755
0.6169108365644169
0.1630424419491251
0.40645487730530805
0.9701967149996853
0.865011055931771
0.16728765109671306
0.09174905967172908
0.8461997526353152
0.10543067734991607
0.53014508005689
0.5561151854243929
0.39838383431164215
0.18183486354799228
0.8238946417374519
0.9947380527758687
0.41186373491274464
0.3684125359129736
0.6518997118330544
0.4227295382616171
0.9316959076462388
0.8851000084982358
0.1577754520792365
0.5461402297649639
0.9464113661494841
0.45016346449166367
0.09438399000199216
0.5715287041138911
0.3276186450777169
0.2596960359303596
0.6217542648955365
0.5999929494803417
0.36127879206921276
0.7728451808178993
0.3750949164101163
0.8189513547576938
0.2814493390325524
0.07709220446497567
0.37238863025534685
0.17859329385299805
0.44873982206546326
0.4096645662356442
0.015626833698119902
0.619802471773687
0.20341648980181082
0.6191689362187588
0.7805638663041762
0.20648866451969394
0.9670394026743868
0.9657911581398512
0.1869400218610625
0.7076465725122987
0.8667100628891167
0.6789166959549513
0.2944434189471158
0.2730930255076267
0.012453516947284249
0.11778311822799892
0.2792506012055135
0.8517170965624289
0.5709537064835395
0.21378418504692986
0.6118063308406805
0.9122097472822914
0.947806497148142
0.11230253593260997
0.9785734006125706
0.8436231632002777
0.7156500226534132
0.5774562495498685
0.36880327184863027
0.1367424582132698
0.40697714425805964
0.7749016453841686
0.6819489918048656
0.0771348991194255
0.9281303472102609
0.5058436041332012
0.8021621994120747
0.21687531323797637
0.14492481307516192
0.8296611356477903
0.33338581091889374
0.33432861397438407
0.1405400647836179
0.2830650766427235
0.09187504883500619
0.9400033928741053
0.7527669085459456
0.5804616184929978
0.012549126874325522
0.6413731795009433
0.2603908470006977
0.7632036629317509
0.3413966038919507
0.8406952160555132
0.5074387062474961
0.2546697687160818
0.8582276660829288
0.30723868857985814
0.3292110563785311
0.17361801315158676
0.4023867465932047
0.13896801288705551
0.8754671140198753
0.5600202832307902
0.15860937731727587
0.5086087574577766
0.3138256218661398
0.8755901101494956
0.0010275270869923858
0.3751573161100177
0.4403892951186974
0.25547474926372893
0.6903975858661205
0.03427770395414975
0.924796352972889
0.5080907537138536
0.8729461854787838
0.9796620016613989
0.27334777733777604
0.7868389776521496
0.6387985663112031
0.05231377860350883
0.10655434859786861
0.1904439763931215
0.8637752312709834
0.26584615085417307
0.016392812009665025
0.287919705315994
0.6804121779331382
0.013269897628686467
0.09375546004586988
0.7096715054394114
0.2023812113921295
0.5843787379019143
0.1980237190926858
0.4980023346605793
0.06105633131082522
0.0527227641217245
0.17839014396983877
0.8682987914840653
0.4037929670450068
0.6272927760852351
0.5505001834179395
0.39643047242076246
0.7505570269795822
0.5064221318018504
0.5821789851003385
0.41840369614427364
0.5088610028922357
0.12004471021658558
0.3484547689183204
0.6050689878570303
0.006534771965345687
0.4013308816604271
0.07878511274319622
0.25768899408970336
0.6176789699744154
0.38985580045956836
0.038338025694960476
0.8594314645730661
0.9292190182025918
0.03583774781864513
0.2603747983564435
0.8133601617477748
0.9237986400102226
0.5486162777087418
0.6782273002809286
0.0992535199960759
0.8393214212027373
0.012423459765408373
0.5930572570220518
0.7895895858248129
0.7062696183427057
0.2786338591238712
0.9575306314081966
0.97929314246091
0.5609998088498389
0.3360618169262175
0.655735454213633
0.7043484030513939
0.9865349422131762
0.45950767969608053
0.8161168937917584
0.8511394379828756
0.9419432936118968
0.44163687251243655
0.20689841168438317
0.8913872309889813
0.8072139680891294
0.12440908687883767
0.9324034008735614
0.5168107503957596
0.19261063411142176
0.2636574669302625
0.9738869405363119
0.8931471726695265
0.33980361277121085
0.48405024240251293
0.599932419612779
0.30492374810563616
0.8766523463987947
0.7115504590621375
0.3091636156699977
0.42038225804758045
0.2783294041597235
0.006622104965315012
0.7619674878901184
0.27021438898291195
0.6345483653982732
0.16381363492960443
0.10811852479514372
0.3042743250569808
0.22597747346091823
0.7919828347768935
0.2236412185806912
0.56719242369841
0.9724921368497869
0.8443099177218246
0.6329417030587197
0.11682224085914039
0.03173863923975773
0.7283780073828953
0.31118556281952636
0.29871020746491395
0.6985527092483742
0.19398388105050268
0.13709398763664027
0.38528583277565
0.2840961546836517
0.16997365539502207
0.49777567262187095
0.3902274134347463
0.838145713554987
0.601281779633504
0.4349070170812537
0.5764666455590602
0.41878791830656625
0.12348377142403777
0.7655190282863529
0.2905529020025438
0.11084479272993142
0.10455664316029223
0.8108440278142003
0.2766061403637132
0.14767486101903515
0.18217311947691828
0.7231207844786355
0.5498447059644521
0.3005647041387999
0.9297392377595401
0.912952507833045
0.2426828187711394
0.16574642155218555
0.6955168912580434
0.7487564118277732
0.5756496167509004
0.10114693417584486
0.9765566419877175
0.5250399651404698
0.2508897440486585
0.34329450278634066
0.9127982110978188
0.6776834000461808
0.11776371166378863
0.2693798006632895
0.6165791896049464
0.3621041019324288
0.9180731457835755
0.8602871413472776
0.08892513770733423
0.8041228535362674
0.28269474854170473
0.16748360670004336
0.41637748880402137
0.2835486595046347
0.9219140196558674
0.9899730520527026
0.7907478461074807
0.21694230591039199
0.12850796894967964
0.027092426637546296
0.6490704713245635
0.5687161429573898
0.29563347554697517
0.4887485999469904
0.8921577496898433
0.7386711282795735
0.14083636297696667
0.5167637956613668
0.7075456819293062
0.14926869810871246
0.7230032763610205
0.7993180113294596
0.9962496257374007
0.9873797012754241
0.14083691438761337
0.4450475036766658
0.7826334545784753
0.9429483124428688
0.00944287954960532
0.5241783392613286
0.2728277667548704
0.33095362880318646
0.4258736631404736
0.6811445191069941
0.419515686590362
0.6832478136699377
0.15498405863806575
0.8764604196397187
0.9495378989395648
0.753294066632797
0.19370917107865337
0.6251877424934332
0.8156508645746332
0.8895236067555186
0.7048845583053684
0.06515711725700979
0.9449055846687914
0.9019758387066299
0.5509856673892941
0.8101754888436776
0.9734964334060866
0.8720816006444689
0.3036717634579744
0.8217698222624353
0.38156287268640654
0.8368940491923916
0.6567767667296911
0.46758898883613664
0.07130972244114042
0.9167676455173933
0.6283980370155337
0.5254048466215088
0.967943890512812
0.24943090041272553
0.8019913718967774
0.13872530701755303
0.6653089002243752
0.04359341771370595
0.12688844607841465
0.633350658638426
0.48673119491506867
0.17167371525263841
0.47541088490396943
0.6637768404393455
0.586474747204324
0.9839293190291517
0.23676265785480388
0.37416741887252214
0.8783336867201257
0.4452154941966996
0.7171408689558274
0.13068857980433723
0.6452751274877622
0.2707955286872826
0.011011896380729747
0.910319837470314
0.6576775854328735
0.46906916205931504
0.31025869496645964
0.6158246020428799
0.5075927926894981
0.5867824543178076
0.3259122422218501
0.42738491310175186
0.6525916648227921
0.9962269761210607
0.6114379500336731
0.7984746113115868
0.35513827224704786
0.7641316531860897
0.09705590379783369
0.8568655511704739
0.30206790966477337
0.9983960793710217
0.07133150659325171
0.781232422016779
0.19362871422519345
0.08150898409676743
0.17928101981185862
0.1896411968035897
0.002678906556599747
0.868441678018703
0.7454938284996855
0.6982769847890203
0.9220141702094857
0.7520005322245541
0.8762819418010233
0.5870873818110387
0.24143333016433377
0.48006887912952345
0.3466241817897343
0.9435876627463308
0.5260324043805298
0.7468632386585438
0.2356808319616739
0.746894464303285
0.5033505472454582
0.8742746302945537
0.6389120937849522
0.1011247687543857
0.009373802324501246
0.34956090357294844
0.555341891966096
0.2306176911253871
0.1920358115597285
0.5921009089472205
0.22526572246117427
0.9090066165358751
0.9257370498897961
0.08461741285420965
0.7767096167181156
0.7099893162816252
0.051537079468158775
0.9232203871708002
0.028205098139282292
0.8397146551308754
0.625057403514424
0.9158177155363754
0.6909521577960613
0.3390241530000824
0.8277648969783625
0.5898859207751003
0.015201115492086581
0.1283573062610559
0.5771886321159806
0.8582885136333972
0.13369110857424593
0.7089499110095511
0.15775652959769848
0.6357750810355686
0.969241381104874
0.3310245583873125
0.38631953554739473
0.39898948229287967
0.5940990118382544
0.0929935253148092
0.9250655696856068
0.5392608320040746
0.35540462159890573
0.745263735847974
0.3594068722189263
0.370146303857103
0.9141457156206845
0.9380544778653487
0.569558215018327
0.8206398772584025
0.5842244371804459
0.2747084149107867
0.7419054891309015
0.17015701175868692
0.003775064337140699
0.8102968920983061
0.08989762462073847
0.6628496970433144
0.22262399386590037
0.569891210599629
0.984077106938052
0.4765026223629095
0.747792790178806
0.2516910068699062
0.7269974934244473
0.3152055836033888
0.9532027149171248
0.5272721006553539
0.6511589779730372
0.8451933793206979
0.5302472334024245
0.25453589171255686
0.5667260506411878
0.29968900113429287
0.3326562294613573
0.4785130477446172
0.840673668684342
0.8412819983262362
0.05208400234317945
0.31099418129525735
0.5501418990821424
0.6893184663939895
0.6501109294024765
0.6520308172440868
0.22016108755857877
0.5949750207763693
0.3678557026023985
0.24467034084717165
0.6295427736523784
0.9781341199383417
0.4361543404439757
0.7388584909435687
0.0486143750608371
0.9278734481589128
0.3172681666105368
0.28126363530280074
0.058608524492297476
0.31232742989177487
0.42334250186816424
0.644847581446028
0.7949003817823388
0.44387423505362333
0.7773443055667907
0.06532705315828313
0.05491964886445355
0.10204705665643199
0.008965613046046816
0.7612417169946162
0.2164464034831043
0.22926347729681384
0.41098700750520867
0.5801634099513236
0.32313256549892977
0.28341234282221905
0.5208533871915557
0.33565295958907637
0.011474323901982553
0.05653283594046521
0.8377220619276253
0.1778899494095041
0.17709273942878934
0.7502654641317594
0.8370009456514887
0.7754724339267948
0.40806323052472326
0.2364503986352663
0.40240254220386185
0.17670264482773368
0.2491672310084031
0.7251936685097518
0.15979704342211942
0.9657461437663547
0.3033220043597298
0.5129170645830193
0.9676559912579695
0.7323713920597233
0.025077650486298286
0.08935284017642398
0.9956354070297658
0.9335474371820234
0.8159529861650757
0.645139945260486
0.4058553723543832
0.94099752765224
0.6925148161538498
0.9406233762703244
0.6406906848936413
0.44087722827502773
0.36548798920842585
0.5716538149060452
0.7163952571626285
0.3800647517483171
0.04181641781642231
0.8996300972878816
0.7236402308925308
0.33812342935946915
0.6414779770702786
0.30072203591601376
0.9440544736847749
0.5448146136166927
0.4069890506635113
0.9331569626981354
0.606112841274003
0.7601106490346663
0.07591752010998198
0.9216480452960658
0.32422638075046906
0.8869782429306827
0.8853554220955924
0.7144882310836851
0.6916458965957017
0.4967713940949422
0.6821854757648081
0.38152881986401965
0.33079813322477536
0.4128950897729873
0.3241087149824138
0.7902069330238045
0.9439320362880079
0.12047015106360837
0.3737829094439905
0.9219814287011712
0.5524599481714652
0.04805008081815576
0.8120545597331551
0.07298236312599593
0.16513652695497127
0.7020116970608711
0.12614976824323554
0.32037402349321753
0.5732261011954288
0.22506069227668946
0.6648225166968008
0.42987734766322305
0.8350668617847363
0.19736454640583656
0.5948412422852252
0.3300923678073673
0.28294828322724386
0.40214474355547514
0.1418278267469557
0.38570697187135305
0.5619755212183634
0.8371310093222082
0.0533454376703314
0.9643734422111984
0.2936030991276366
0.46910055377956417
0.38326513040377375
0.2109797096285636
0.4457772608849151
0.10079523853443173
0.7638232436889949
0.5182370549165051
0.38713461404635263
0.2478305408014706
0.305414965501293
0.9139523638997621
0.9044624008440939
0.1077800621210463
0.14405192142244183
0.47304686819382447
0.17063345324169132
0.5444394354564238
0.44254464689530015
0.9063300661415779
0.7644869382519149
0.5073445670078652
0.3438534975488655
0.6782320310112061
0.3646334134492841
0.45993858557052336
0.9736845095833702
0.36214246737949196
0.665921054348251
0.19935282168581125
0.09428927441491153
0.45470095480278483
0.4003071287592752
0.9165872468087484
0.4225610516769799
0.5393274809113753
0.0831372029601799
0.4679457248877714
0.9429018009599127
0.5144777895213681
0.2513418906515149
0.6069026850470569
0.7689679213444384
0.5835537764042241
0.5118189863415237
0.3601468828993578
0.23828523557310166
0.8410937403776299
0.676276814970636
0.8223696073759176
0.9598562022081458
0.5838134523935893
0.6230719682896072
0.391433690124655
0.4772658701543433
0.9252637302660544
0.2970828354702356
0.8688808581782181
0.05842518718408274
0.8993156473682329
0.43541801033923355
0.9103051637823517
0.8779735005894534
3.8004909132316467E-4
0.1897664559377099
0.02594003894992325
0.5194948493778836
0.027212985836087
0.8054539605999418
0.7038775061876605
0.292085301151937
0.1723542922074145
0.9127787777818684
0.2566578467453968
0.32944143099339374
0.5306916866092729
0.7879562139813158
0.6765387592309099
0.8195232829229856
0.5883383574651756
0.14901092135938965
0.12557296127911388
0.9989770384930972
0.7969566113060659
0.6662123086485384
0.6836938299820162
0.7388866137619547
0.03885648108347295
0.3871571865588912
0.6313289253883878
0.6470549853412819
0.6446426540022702
0.7033609358919284
0.8526310955695272
0.6169000661836774
0.6378788359705214
0.3182269740611283
0.9112382586707742
0.6641816737117817
0.05018374257930913
0.9155212376800098
0.9725417545047352
0.7101597887184471
0.4753684864459814
0.8729871182678992
0.024765018032775976
0.6934165702266449
0.5126703386114324
0.4174932682687522
0.7857233784687122
0.022457704363929354
0.3868326774758426
0.07611540744900958
0.27295702261176846
0.9173413874825368
0.8267273247375362
0.14181009925575994
0.2619987497763787
0.6309658732658678
0.23440964887365467
0.14284700915510185
0.7608590834676427
0.8892797656609039
0.28294283108387164
0.9819236307165632
0.18838120756745858
0.14456168365258681
0.34402263058295646
0.4938945689951211
0.15993844805550284
0.39704866283625495
0.5653797481221047
0.6603046399658533
0.6560179530168819
0.4075758712618309
0.9931316059974384
0.6144237529802845
0.8775536136113995
0.09752277063032844
0.865701006520226
0.8722387506012053
0.2764423950534576
0.812243627787914
0.09361479000633033
0.9328650089839113
0.09049803983740412
0.9102931712770823
0.9834398721818739
0.5060994866714797
0.20916675591137723
0.8331409997533963
0.4643106694918713
0.1453430865509776
0.3496495499395543
0.40870138138292267
0.4319463593833107
0.99087962524087
0.3326463234771778
0.6468871438070642
0.33775174085307014
0.6615054556852046
0.7127571664718133
0.6965303486243933
