6.68412862035937
5.484227882296023
7.077758961444852
5.53081254915068
6.386691894656721
7.212817762052508
6.894328859172674
7.202296091454326
7.167725865048697
7.877468200530131
7.332199171981535
6.016902747882288
6.319370624612469
6.114782622076064
7.968793127861639
6.395618470170497
5.310866973300002
6.372785410498
7.796494400683943
5.3732299027158374
7.5252353579633615
6.472447347179152
6.501382402117342
5.740584036810756
5.193524371860427
5.692854310384365
5.249336934505169
6.325343175390364
6.419421096526719
5.6700264591556735
7.852283675848202
6.3491931983202905
6.951663214352838
7.187483303850648
5.436376771136746
7.446923654513639
6.845091305248099
7.193484669150206
7.201687563582347
5.549009527133317
7.353328663068062
5.105463903968705
5.549491539401454
5.41428496778313
7.316974567077374
5.656506042702261
7.758519953582443
7.153010573649437
5.950843432470545
5.201808498436458
7.515565445797448
6.603097440990266
6.292184464991468
5.5348988473804175
6.948604346365167
7.913459469384347
6.648960365787282
6.863970081546545
6.3721218648953055
5.148430853177629
5.183165769389139
7.668028631774849
7.734600172467077
6.155891392275839
5.278812994382883
7.690637893072401
6.757152324919152
5.339208121582081
7.577610467293871
6.335874509780704
7.970058773492386
7.339308663877466
5.517508918345818
6.206702021342435
7.290486170937343
7.96816507749211
7.880188432674427
7.470301042478674
5.439942317932699
5.038677722906356
7.243207773346416
6.147981737681137
7.374044171083926
7.008408331376298
5.340935223787248
7.309140803303924
5.989948609843473
6.595822795409422
5.165530119758335
5.499310105397702
7.688320772919446
7.737667260129129
5.185141605684548
6.551680354085836
7.896985966631894
5.434808231965162
6.32113881793843
5.219570010480658
6.412437403634392
6.181331690107924
5.309588289620705
6.824143890635312
5.383141682834514
6.787905472124126
6.774337728090025
7.337274045420348
5.945112035293911
5.495370347682252
6.759969705189821
6.013768425400886
6.925487920863197
7.328236584153517
6.612531332612992
5.850282879227687
6.653887386475345
7.660223193239768
5.954350051057885
6.78006344711766
7.764068612652929
6.955188708611836
5.076388800612934
7.61325550619596
6.929962646221092
6.606761972762358
5.3674966247647315
5.301850154316105
6.760411637873164
5.728694013676311
5.414556606562885
7.146425045349174
5.575971471637942
6.645411991157822
5.140932448113446
6.068672554414196
5.508909080325269
5.698467143816151
5.802763066327649
5.049294086620758
6.304051078010191
6.819529732033626
7.833553479195025
7.275175368797784
6.353410476388282
5.124295686155756
7.417158567268075
7.452843367464843
6.871545150405922
6.554128948118354
6.2776534333943355
7.127041728516641
5.711371745376804
6.333476239617963
5.5017358167602755
7.69384703833642
7.131685105071113
7.72105031640395
6.255199872748044
7.117084729283119
6.857904425100616
5.2114903818456595
5.01967323764657
6.144888814832681
5.026592764867102
6.9916672151591515
7.459205591828923
7.080086523304928
5.072068148359012
6.072014035413266
7.2284450526422095
7.88367274431842
7.2999491335082425
6.09822215809369
7.955039026582429
5.584978860176724
6.797750961307669
7.402354282457236
7.268542817891809
7.635221700185474
7.456671595247817
5.374887091024149
5.106517691938233
7.972958642603315
7.221480262968867
6.730406838664456
7.605651299499021
5.170558247990507
7.246945096486966
6.699641929858856
5.681627055869824
6.100132118606545
7.419509302099014
7.609228526320332
7.916122581505476
5.095460929565884
5.701949345382047
7.708064344087044
7.602711023843815
5.593281655968267
5.976521586001188
6.465318382038522
7.75559243908133
6.7128900952578725
6.498627071835142
5.900125008127451
6.5559753013932465
6.177349055837595
5.728298517476251
6.806700375417875
5.100582396016852
5.392676889180472
5.180836166254068
5.011082241143015
6.425148802928144
6.383228926571737
5.03069241333459
7.036903050629159
7.602931522629192
6.632069227066464
5.514230001859134
7.767569117737997
7.264146855560943
5.694465515945078
6.707249751275452
7.870928016645276
5.146901370821963
6.740728170438306
7.0022096306409525
6.899967618344702
5.273579153237619
7.9414472156997995
6.577828385529596
5.0993025757657975
6.048798392984429
5.833769408398389
5.340291554249488
5.032162566440001
6.995946902856128
6.501692829476695
5.220551454656757
6.1963094219779045
5.988956548563981
5.566441932008516
6.336234201125119
7.819770480192377
6.694372587049562
7.614822231125794
6.369443130053383
5.018486843610019
5.515925316716568
7.794039707793477
6.57326839812557
7.4579353927756955
5.629706450039512
7.870806331449941
5.100088995617359
5.589494708753055
6.712705215371763
7.090638100062444
5.843773738613688
7.429787148930036
5.700852706553941
7.680089226250046
5.705664664855007
6.717437857414513
7.364876156875841
6.810250423899965
6.130745889390748
5.116654611985391
6.66316018371209
5.284177063745571
7.915677862216919
6.940742469453016
5.720461165232645
5.123997250238216
6.664398236006981
5.641127880768841
6.8897205523329115
6.615286660701179
5.859765228015014
6.04867817219729
5.681369645166763
6.216882883737397
5.331241321860334
6.064063626991652
5.390417762334206
6.063647846539524
5.928890481867153
7.172619646306138
7.016264404409456
7.577772372493397
5.462984173519135
6.80662722785379
6.553573202135202
7.961053794116939
7.436285092262942
6.194142393671456
7.934695568899983
5.066163000913045
6.782601258252344
5.918464575116518
5.825029146197906
6.339252310613604
7.730476902554761
6.9660450624645875
6.112344944102241
7.189344094162649
5.034908562706026
7.563098956464692
7.289515658820449
6.271772235456257
7.162750073790107
5.592393149590257
6.00722577262047
5.773538571440083
7.57899265046842
7.84164497398799
7.869143317152095
5.857778656332489
5.061379268942441
7.763677257959339
5.056680033154192
6.962620143531339
6.969836835662755
5.825934560326568
6.603866675673991
5.656550754938577
5.614983115337263
5.893179991237231
7.0950182533278925
5.228000240102319
5.306487413888805
7.4221481972492285
5.228761259798391
5.1311760605751076
5.317339758071906
5.5506452222726335
7.081645255484876
5.823277958689767
5.87410446763191
5.436045078456804
6.012958496740386
6.410054364438814
6.376008803618303
5.439342812035111
5.979515131600182
6.867246651455519
6.357240746254002
6.960886953056004
7.57508210892236
7.4248059444428005
5.237102756979829
6.9126238340190165
7.373759693416446
5.988851626310309
7.6516921318570015
5.9591472233774745
6.140029774568161
6.233176884026992
5.128552542164142
6.776058464520734
5.1703342974545885
7.217692332602125
5.052263660519693
6.659101709963948
7.451943558395466
6.0855361124392635
6.27421023169487
5.871252107836884
5.464524106360953
7.553662144519119
7.343794990178048
6.137392858567913
7.3082131182290215
5.543557195818222
6.18113292672353
6.687431402700387
6.419155110925827
6.399320654672248
7.072788725856558
7.208661812679664
7.429355570422834
6.7096791265785045
7.152391516961578
6.996895969574668
7.742353622435481
6.788591523952423
6.02698551587231
7.493342562765012
5.129615461120438
6.375939475705678
7.927748105531785
6.260427969805995
5.104697598567804
5.095379570781533
5.700229888512886
7.284710785242422
7.003128390965221
7.650774222516837
5.104545984420997
6.298754330425854
6.585603892473223
5.655701017570071
5.269970005202351
7.586282543503783
6.590492969635706
6.372377022996956
6.741155655060872
6.476154666728259
6.988795302341089
7.486921225701235
5.364735858449958
6.440655352249837
7.7405936419893875
6.367213102985021
7.295320444442512
6.39230906350987
6.6166906393752765
7.037692339287508
7.648938934133634
5.420885861023071
5.1325191292452645
7.362279844416003
5.799746485340852
5.828479618815801
5.843562160865741
7.652185996034073
7.002337397026304
5.905498334589743
5.172419630485692
6.109709407354887
5.927279426412412
7.4441186817331495
6.577303653335028
6.182213592510273
6.821511003759437
5.508216733190612
6.230146879707164
7.032305970118885
6.348012484280105
7.4699985597930665
7.449653087763378
5.930829284515203
7.720688259861675
5.783514994995152
7.9305204048663525
6.448611879692178
5.530669656231893
5.393955739282135
7.324713914182368
6.861007963969508
7.659271209709246
7.079078971979319
5.96406437472363
5.186096613482089
6.890607386894235
7.385343745823324
5.465617956515851
5.752992923632886
7.273399951342938
6.156273392215859
7.632058268171718
6.141061436461287
7.936778485155375
7.95428815791389
5.449174712565633
6.743906903942578
5.938902153229625
6.949708350329098
5.090744835430265
5.093854973497698
5.820002322306885
7.091837476097396
6.668349863558413
7.433219735705653
7.842970044902715
7.586998408530546
6.0095403515815775
7.837991843309248
7.434885308844207
6.887104098064691
7.012416926433518
7.487666831733918
7.091909510359016
5.53980829589719
6.10808931307559
5.431769059755038
5.977734228031366
7.367488498864001
5.0646267084825425
6.429212255244316
5.632304538457356
6.527279338840698
7.787008644734474
5.130974202094659
6.612807697719903
7.05808071005276
5.907236910546726
6.039649433471322
7.512941145106374
5.542929559897523
6.817164260788989
5.311277757697838
7.649248494989374
5.506332889875374
5.373746784252367
6.565434786584403
5.764833954431604
5.126121823657283
7.802324175759045
7.438905225809788
6.381040562236261
5.768096519505946
6.338179614173178
7.656345842790324
5.9266999336888855
7.749193659863428
6.880031969835487
5.898181050578321
6.4923351950662465
6.6011181739023765
7.381258042158598
7.721559802617388
7.993222580872914
6.941342539006518
6.875544290485484
5.234539189637157
7.680489224788292
7.862087603476564
6.923314267109498
5.13674463735144
7.3134502327735325
5.520359939871495
7.873675546738038
7.1215938840181545
6.899159360589373
5.353331516333521
6.663780875047754
5.485757410571438
6.7166724853325785
6.053308632559767
6.92339457310735
6.110863669899318
5.373796554720164
6.115247624298624
7.917104265705919
6.770543360617642
5.893118505812568
6.417236538799244
5.340016620776208
6.972743740231495
7.291884265197872
5.910571649581803
7.184925245841138
7.272829069483983
6.80682049102259
7.081020453124322
7.819833776616534
5.187318959143106
5.82026351823164
6.3965716541322015
7.0543709683219795
6.501204172389064
5.667987056941041
7.479434931340456
7.332028173497618
7.89361221248277
6.851889606001588
6.231264064912759
5.262300797887316
6.407184821758644
5.7422290316696305
5.600537819364264
7.502712590025862
5.355861537337973
6.634363523162618
6.1097432761049095
6.515351020233388
5.80385280108053
5.023982235892608
6.657468466461277
5.95593965157099
7.755419752764744
5.18258215068957
5.47672083314999
6.405621400011304
5.670664329379151
6.551471041528393
5.465750475951878
6.826526711765891
7.866870593360044
6.127850581007529
5.411366057285813
5.5118474985627035
7.778021624756315
6.890555705773919
6.897194255096579
5.409536888727549
6.926954687932218
5.405801062410444
5.930543333174041
7.52590289691468
7.815201781835473
6.0648083664641845
5.531492088949135
5.6612629552066265
7.754899317845984
7.9354613532148
7.706538477070362
6.994474541957706
5.955236188018175
7.959160003043361
5.3765995023219135
6.016555294520648
5.932745945497827
7.19181685189284
7.945369206967405
6.015755070754987
7.540334295782575
7.974463897270452
5.278997981584915
6.737339705056918
7.604268978111689
7.324210612384812
7.92177246743856
6.9809963814388745
5.3214457582436445
7.460317517976225
5.394930607620443
5.757167136918051
7.201079287924248
6.222923576826246
5.416962893005129
7.200767076296957
7.43555427581834
5.203487805200891
6.843706677483179
7.7366406294062005
6.15450727270246
5.686280811270364
6.055256079176402
7.005759319552741
5.054297362381087
6.999283409706383
7.41416693314289
5.7945619128984704
7.401857435392432
7.590625294330678
7.285650073267157
7.661986550801228
5.3875054011045655
5.083216963294676
5.945405139583405
7.129642429719521
5.245630362077684
6.7155051113790964
5.504459581156606
6.190218155397842
7.4752539077985
5.950302120568306
7.752837787097283
6.497621438729546
5.874303875880186
6.626415984204196
5.565095564485833
6.929492823333654
5.95202261781062
5.839328425212775
6.220717637698046
7.2586363382132335
6.603268597781708
7.76744438526797
6.6710852832512675
7.434555915584413
6.716555649578607
5.909457780312122
6.432183270469033
7.4596876259187335
6.644510608420272
7.666153546445304
5.398425257125583
7.047063485887717
6.191015444475781
6.886486894530108
7.45793893761101
7.167043206149148
5.963635927749211
5.903057767846688
6.343361596966513
6.230397405217916
6.60302565246076
7.706118343729461
7.674659098830018
7.013425021549105
6.532829350151419
7.248027090739263
7.641691632708214
7.507935019224051
5.474195327897723
6.431585446876071
5.234210269446977
7.67482260773024
7.03834304480027
5.115967226076639
7.355680015046373
5.5946168247755175
6.248719046263951
5.4729732158209785
5.554784885146642
5.74177634721245
6.851106765955834
6.244118255515803
5.4746831947599395
6.061656959337002
7.745646714271028
5.885580331937881
6.455040064616585
6.199975266693919
5.819054837118676
5.243315498864856
7.025576686426511
7.62423867056461
5.868415963032243
6.274665102113001
7.3023361741595
6.485012042368064
5.18976325129659
7.425556444819515
5.539077433400534
6.892039939824369
5.7552419920379245
7.583919520050598
5.296167606142892
6.826139766727758
6.7219904643328645
7.060218144760471
7.8680571336746095
7.172432566963831
7.303957954736941
7.795015257108873
5.757880563610769
6.343873834478972
7.794715558827572
5.96126737949591
6.103937748257704
7.666197498401596
5.754899747657692
7.315564792208171
5.0477710452323485
5.116282584582782
6.0722681826149305
5.057809138660103
7.087265208152731
7.145602142205336
7.765428852660393
7.582842466151108
7.4806570853049
6.17881133009718
7.034143112313763
7.35031561089364
5.758553815616617
5.95468135698779
7.159687340123123
7.160607708771616
6.361018778261902
6.172482004677864
7.428093734155415
5.404880397501817
5.345495277073298
5.921567210090812
6.287178436784281
6.356376051267013
7.008799762423994
6.105313437389087
6.4550982984345255
5.287841108841601
5.132626271522518
5.522710868267548
7.67376660958173
5.136479479226068
5.396964742975764
5.441805803436516
7.244792010441214
7.5931146761540935
6.309548469463126
6.388839995248735
6.39869072567347
6.866262386907697
7.7719048290078305
6.4853323625750825
7.929959954158912
7.964588828665568
6.143794392083668
5.992496025231569
5.381184128221411
5.152754218896665
6.377787388022693
5.76828285981827
6.3786829057580245
5.265912839328182
5.474432913980291
6.106994843139313
7.510295523399192
6.817165216153137
7.155941276322411
6.914802258995349
7.392731457852738
6.300032844218029
7.272508313244783
7.37665414545477
5.301504317039974
6.774546374934202
5.040372695813389
6.190968088547628
6.93080093623425
7.730814056650644
5.764406918051957
6.088132063007632
7.513723826998563
5.347959834438502
7.220505776648857
7.707251120642142
6.665181658329821
5.609093862278896
5.364244292464284
6.982720252463624
7.9102869707686665
6.294501494556128
7.492240297573127
5.9881016571654495
7.930458110336268
5.655510641980175
7.411367032934722
6.69943512147403
6.097507027415231
6.570520850229095
7.56842120218176
6.3735068365799314
6.872830228821036
5.202450319492788
5.459064018123729
5.188751489468869
5.124408274528317
7.6133810284468675
7.969813909935402
7.467361302260514
7.358651458974835
5.44745590529159
6.610578702468036
7.186821879665726
7.277219702755477
6.667103679106132
5.867678269650327
5.5974962663146
5.950776529439802
5.4204433524155045
7.148518167835108
6.590025185483974
6.252225513383772
5.429241012855288
7.999035534283051
7.00220919774441
6.011313191214095
7.817066380583183
7.453751574232733
7.319689359799599
7.640566517949802
5.046320240649892
7.525721987043029
7.208139236009738
7.739371866385256
7.600576020649315
7.959892494561881
6.016830327960184
5.408585810072728
5.235203713967883
6.4583229494502845
5.814331698789172
5.702405643702156
7.0245169769442795
6.639457975547925
6.6567524658992525
7.807312537916052
5.05770762877448
7.0160808684272045
5.6473348850997285
5.16973646663592
5.478605330203858
7.26779905570755
5.923353313656107
5.894678108598022
6.625824313269677
7.043871280096574
6.0021736825117555
6.3068592133321575
6.310130952681002
6.460895649541644
5.932976368073685
6.6040572895001635
5.76489116367391
5.357340503837291
6.434043023156907
5.039118955311378
5.523228822870212
6.233110193535392
6.647656971913422
7.04272949891872
5.412050063442521
5.637298439586721
5.315565943135163
6.143354368369154
6.008362544381323
6.570993566652889
6.067602572709347
6.4538528180637185
7.277341043068555
5.244460746624231
5.124458463004274
5.876100772041865
5.704364368151946
5.269236675079089
7.04275391087061
6.025544966318584
7.044774038216285
7.0756338438801
7.176446736861591
7.196947626284137
7.845374419038347
6.024862219724833
6.293268700927282
7.480665314035198
7.1407224362897725
6.332436495914273
6.26827915708823
5.395643224116329
6.195024252988446
6.535749566861152
7.9787728231584385
7.130890766617599
7.846982246827105
6.823651581071356
5.445677096477963
5.681540715984202
6.920207781112855
5.099587128639897
5.906222310581519
6.828680465887137
7.285840027031082
5.172302364749848
5.861068740608336
6.043979299824446
5.5067824740351945
7.959345732660444
5.216219427457827
7.000721896613138
5.554494627172784
5.048546449608929
5.435949356900323
5.442194064377712
5.869547079136676
5.391366426214616
5.137628068894697
7.6964528748153
6.036175194274811
7.299481122153777
7.792711805023484
5.133348565611964
7.558836104218938
5.282157244901437
6.1503302801325175
5.335253056253738
7.665299805906617
6.596954541571995
7.6707904786307415
7.697283601446072
7.716078216621511
6.689991832450318
6.645969147448856
6.5858985699949875
6.674018312437555
7.974475707951165
6.79196389123949
7.066576063470777
5.1806601300706925
6.637404419092553
5.92652113331716
6.561873482525089
6.097483469007448
5.3743173204740025
6.889657822193856
5.6205015320226215
6.900440289624967
5.13067397826449
7.13054174429605
5.266132077277683
5.065193510877161
6.075905334439024
5.36709443669051
5.15149482858412
7.548256586851055
7.152392627775798
5.426928431301092
7.96890549858605
6.655750633398622
5.626588992427102
7.799129765189418
6.262701007223425
6.996771230953402
6.123210670543122
7.5660440519415495
6.952146588464827
5.842378239694139
7.645884847889177
6.242624173880978
6.505212451909994
5.0539968515289795
6.07885291633942
6.628045040443156
5.80420671109948
6.806541707857083
6.624288489420242
5.070189440876719
6.313584002625966
6.611847472760303
5.558499730191166
7.5582583077433805
7.198338192283622
5.6470156525224855
5.58774831100936
5.792155706338774
5.5482209947987915
5.110058010035423
7.95062635363836
7.829449340899629
5.838616191033972
7.261741918529581
6.248894388330292
7.081602648822766
7.203233587838043
5.9678166664152785
6.792394905614407
6.320827156073987
5.006873831788722
7.929821616800975
6.016116202865468
7.967298178401064
6.588350948549163
5.385452784701822
6.2686919609603216
6.253628194255321
6.894244257956927
7.870985238994756
6.9815840397154885
5.9093888870823505
5.043489581628525
5.668525001913879
5.90690600157159
5.773123495229604
5.650903099948542
7.8098847645512945
6.759306035099285
6.222685480039226
6.994568814218995
7.9766533124560235
5.213538644020538
6.516893675299132
6.837605890170675
7.3225511037870366
7.794316392301122
6.062387048180176
7.909168017303013
5.149437673964993
6.748742485789314
5.259213920846011
7.712613269919136
5.492360723601816
7.514087211456142
6.937088411406
5.4606184591537
7.011808885534385
5.884880792709109
6.471393947923689
5.53759814067127
5.152855671169917
7.443258446102264
5.463913834293521
6.959124351269218
5.311153321770302
7.24520104272627
7.387916369317717
5.836128789351454
7.744759881056514
5.152779393015023
5.830620561235662
6.85850613847313
5.188557006509534
6.568717660349634
6.91821696639628
6.2883211342468615
7.564536539923281
5.664555535349184
5.179516880940464
7.897160437143777
7.836511973109182
6.497396649803743
6.493950955392198
7.695254232903598
6.931829148395604
5.682694570286787
5.878037563821124
7.181829516793209
6.745428495241265
6.531736276599956
7.691588723085218
5.196742891584796
5.553131166013935
6.77244532945677
7.390820868089524
7.27277537715923
6.691297409150499
7.150837556081964
6.2201850544710355
6.6760606906063265
5.109027035303895
6.3579229986427155
6.218130785099811
5.078950265499211
6.366846267770969
5.84305827397465
6.614165170923701
6.035207779221784
7.842348956797597
6.159715484982714
6.115468026850488
5.121759826188057
6.308532452424563
5.543344096327112
7.72097189201049
7.774316508503232
6.674592903944808
6.4434628406111765
5.55921411909556
5.47601021321894
5.52171789891828
5.723330695044469
5.823417306521099
5.058789099427185
7.127937467435447
6.200505462664526
5.173151678290139
7.446634530694728
7.956368407301076
7.1303109604893375
5.9865827517802135
6.207761196923267
5.08020984488649
6.13169349269067
6.5807049452483755
7.789791697696313
6.73562181211779
7.921160087408753
5.969110866784894
7.287484635377097
7.130141917214262
6.055451503707004
7.897744346643106
5.036931739159542
7.789568362400393
5.68731356679233
7.788733406477135
7.243223512214004
7.100261152328295
7.111192708437972
7.830798643135065
7.230421157940468
5.296587431771915
5.616890668751764
7.781879052079607
6.753256962110338
6.954758852784605
5.8791756817415575
7.0955187705371525
5.129321652093181
5.084583974958522
5.790057979640878
6.747203720162641
7.7385830637351205
6.159680778607251
7.2878977189970335
5.620236776339406
7.693917106589198
6.894468784029877
6.353726137299863
7.512889192344111
7.211916668071751
7.262783086599107
5.9301188292917235
6.7494634886136
6.407581341191695
7.158226161828926
6.0716743946981655
7.017551338944482
6.899575781388224
5.220397298597919
6.158609568757691
7.412169414858472
5.744581163733986
6.693912283600277
7.4961952841417006
5.744603691443475
6.819849627181657
6.748648916379258
5.082716914061778
7.969691501976123
5.842408216343886
5.469929451251989
7.757354973443773
7.099919134627268
5.751442908406909
6.726371987502674
7.336841671972561
7.208110724327147
7.1872332474419505
6.340917790175828
6.71596125094925
7.0726336627816595
5.27558847789366
5.427064843299706
6.2419213344350055
5.689943019296347
5.871076945255758
5.407610330668261
7.976334663756125
5.268936200165871
5.825424212311018
7.1072299615005585
7.731011852724633
5.429988559668338
5.729290540995114
7.402993672077768
7.004974723672312
6.158687513700995
7.926226632860157
7.228441766538363
6.160062843609014
6.610181994003577
5.416940384485576
6.257118852968006
6.351216504086088
7.124712955715296
5.560094542307203
6.340486102338813
7.874978471742609
5.79828795141016
6.232690035681312
6.742905720657704
5.715970503412955
6.65461217643902
7.338677747283741
5.402915525910205
7.156059571754636
6.885286118282535
6.24877378428204
7.855284551708923
5.364639958358501
6.764929493559084
7.917543934301439
7.0723636871550974
5.910919634235582
5.7062879705800365
7.055654850302417
7.326019401366876
5.1303085497152345
5.497529064354691
6.8357772261379965
6.232962652645977
7.236968319184001
6.059831011486593
6.179963049536558
6.4265557041771295
6.0032936897613824
6.078018123041127
7.714402448165821
7.7972073999110485
6.7245570210172625
5.590392530969259
5.984304305048132
6.961236670838616
7.053157730482584
7.0760629429328565
6.497228832446299
5.554610200033698
6.121879768728274
7.748967686545086
7.607536900387409
5.103232501084972
6.179271588780474
7.657439512003894
5.167707345623265
6.595490031533162
5.732722800649548
5.796555106416273
7.2541078614940835
5.475525281272011
7.936024267827914
5.767665123726744
7.125394049685765
6.587239184536408
7.668157684380284
5.565394121379143
6.891042641903161
7.629294011146927
6.428772614272694
6.837052357677828
5.1556152686073915
7.93041257818837
5.823270494323388
7.442796983129059
7.161182816965466
7.822043142567092
5.0266236505106034
7.347030333037935
6.675926008807395
5.571981704441379
5.200021582111998
6.792420287125533
5.071265207569221
5.747818739367946
6.388144961668544
5.347577190518939
6.6929575629030165
7.003098609412237
5.947329726421693
6.777819114101859
7.763435462693641
6.621855574092583
6.046095767091229
6.765606785947266
5.653246437602267
6.718712116020397
5.239473386956881
5.303127326072521
5.428790929440713
6.77199915902384
5.5472728819228365
6.094153796904539
5.121639216453828
7.166381810854427
7.863904570191667
5.535708313233711
6.171546175152226
5.639246675432013
7.893564757370738
7.802201007966817
7.970866951166508
7.961631529593632
7.139567249342713
7.225619962886309
5.382414269174111
6.839749792650602
6.7803083640361885
5.554992238335383
5.515882194648227
5.897187841580271
6.53681560028526
5.786736559802997
5.929798597034894
7.690624302018132
5.878041637512528
5.084675280897544
6.7765537223401875
7.023446363104593
6.120024241758965
5.854373154956466
5.227388471062504
7.351909043208364
6.1537458259527025
6.301117623606384
6.802311585609634
7.8275095448035525
7.683985987443874
5.784254285015938
6.9867519020465005
7.487018936228266
7.977671419931533
7.982739746901033
7.7423362250240775
5.288140573226533
6.20518945471541
6.307672199549356
5.213520204129724
7.094034976585642
6.511841043179644
6.137208879815097
6.094886455389344
6.333975981437056
7.9790709424233155
7.307677528870318
5.755757283446343
5.910175984554049
7.62632358801152
5.871837762625664
7.319359044545953
7.9823417204625144
5.564334017738785
5.431146677749195
7.463107813303729
7.541794675464278
5.33937326459724
7.363531231635296
6.744673870791731
7.186015487626596
5.405431112656039
6.001568810872259
6.765318107550048
5.222242506673885
6.5275264844441026
5.268125240994648
5.457578610270963
7.165280398852554
6.754300056102479
6.447398034021056
6.228723112614013
5.849947365710744
6.401751789507888
5.658961964172573
7.604466782735802
5.752612063364502
5.262449864595446
5.210811602847324
5.399293575727863
7.70904674475103
7.995745188506408
5.334543645379818
6.290302414116231
6.027344080819698
5.364489723228088
6.8517212160789125
6.990837189799619
7.024921337645549
5.662465642468528
5.085110654044257
5.00824565839438
6.267655740383072
5.324194116466113
6.811878470901178
6.22694672191381
7.2569721293378855
6.325003619884855
6.2579864349955
5.283572748978184
7.99722405840229
6.564198331110575
6.053919726858205
6.8952900658655665
5.780984684542505
6.977877396438033
6.711532684041357
5.965484152683592
6.653886728162344
6.650418788475176
7.54019357943381
6.422835248059004
5.363424890168604
6.684849907920159
6.997560056747801
6.350394274168624
5.157656486700782
5.052290304717751
7.266214647386492
7.030603784904602
5.580009567785182
6.069360630149564
5.362036510759084
6.070297813274232
7.4054333157004075
6.549915518685386
5.313587970233636
5.776547097427175
5.080895294191732
5.043665853288012
5.903937941269149
7.429804446734636
6.469756970745556
7.909219815558645
6.137247027055134
7.045139224756898
7.354830388660195
7.272781086763112
7.982084841658162
5.625437540209159
7.028943372584095
5.196204638721446
5.051849561253024
5.79227908935179
5.394612488491164
7.619319878618387
5.709808330152509
7.03078903148476
5.305949433393248
5.851394686261038
6.632174870637828
7.6040972320047615
5.416195933842518
5.565321600853462
6.12728960979822
5.481125810821698
6.54330956111874
6.395570833992738
7.4923662780915885
5.378259487172655
6.533793462185441
7.357163892736596
6.391416359068382
6.2410399851607
7.791487811388334
5.38788416965518
5.658862732750966
7.186362628439095
7.043314533447953
7.369650905492255
6.073000455670596
5.088737480446117
6.537988818310557
5.007443315446867
6.5018630110912135
6.626014477000311
6.7164855238084025
5.93537395676736
5.401199390936213
7.7005583299083336
6.454572434784566
6.379470490604984
7.9401660878747675
6.721192988895706
5.257994042143817
7.635435894741114
7.044987140813687
7.269323527243039
7.289914744245392
7.517118692362957
5.3842325992085245
5.179478222032053
6.828002718854258
7.797634595639724
6.771516157943735
7.040099803225582
5.685059592159546
7.500044083531471
6.632308888961523
5.564750111749434
5.282374564605888
5.698198168570208
7.0712157814521035
7.19697932811347
7.439004528540999
6.260828311972289
5.6844602818712335
5.693946738288754
6.532955539286569
5.713166687937564
7.589469958283416
5.284464781953873
7.501764840415991
5.100342592683702
6.189354784017531
5.316475992557218
7.180255601702204
7.415513452042586
7.954718566883514
6.097056236355607
5.722259096120059
7.803149238891831
5.988642177611912
6.884875390606818
5.320874975543023
7.36409953759275
5.342825393515965
7.720631832112646
7.12836048385278
7.974033523398466
7.973772638859224
7.975312384428672
6.182016477464931
6.080555878069253
5.8675574767032455
6.159216885747567
7.266457344021897
5.966758896722416
6.22009714127868
5.666520522975308
6.985429949911088
5.460186255702999
6.637018668912601
7.730734996335631
5.877866529601783
6.526141103142294
5.11309527080816
6.935763833365453
6.193131052678639
6.612985010319548
5.065881572183531
6.165334466925152
5.93944382105237
6.014533170645878
6.931572603319843
6.880424217389887
5.03723873477157
6.880863234785407
5.783261926162707
5.089884796557154
6.845734962968285
5.8438161229899706
6.1026721756358215
5.323804747362988
5.986275585146188
7.5271772826674415
5.226078241787034
5.332235640778565
7.26001045376895
5.483988753332118
5.093544145273304
7.113743410569358
7.550273662806093
5.3446531566720985
6.757741496688123
6.228833197817631
6.911528929648678
7.169450301809769
7.65451604659255
6.172630253405385
7.577030876571024
5.177800804641896
5.902017931428056
7.869287155923263
6.3663719388214055
5.174069264769512
5.8786090573299346
5.107422407409913
6.941860269107333
7.105911779917167
6.031909203846169
7.961481929691212
7.549194388485542
5.276133720292145
5.292242750244505
5.938250417670434
6.283177566117084
6.782734181081799
5.603392918274979
5.750826326707166
6.543234511075428
6.784274408411202
6.941972916845977
7.254209260563656
7.186269412328772
6.17891857377012
6.773868256291577
5.1772349029430735
6.945926313472137
6.245456688278177
7.192105496726094
7.85492870066263
5.9675861576199525
5.723328831905408
5.995149524596916
7.203435170588545
7.807459227458037
7.706133661203934
7.698030908888621
5.686515814975751
7.961904006551141
6.58931113166061
5.920852234930627
5.998194207326276
7.929628260363959
7.147654771338444
7.770122422096955
5.630463864963263
6.964699388812913
7.62201546019482
7.718014419855072
7.408058361346757
6.052318179551099
6.467023402264147
6.093041988916692
5.454121573842349
7.23207886629884
6.1528629842148375
6.622798223999359
7.901199981090843
7.2049660355048575
5.124097758913333
6.515297918079579
7.981315670873691
7.190609870646065
6.697253483953144
5.330114228727874
7.916964841663674
7.250345177203144
5.326327726070415
5.3738974298666315
6.2917214977480445
5.759394312906859
6.281605683521562
6.557013438065344
5.304713816928942
6.398014908074161
7.372122685773446
7.568938133860677
6.5075744270070235
5.936730202730779
6.895825331432446
6.869689540305185
5.285553206834468
7.214779539703218
5.523943096634486
5.352982703111916
6.4763169993753404
6.05370387751431
7.317294197522811
5.613936037857008
6.1205462631496825
7.409500298699593
7.532210124489182
7.550059510017483
5.40777419466255
5.8470575989179965
5.30247356602394
7.538901865588423
7.419001105476961
7.41960408975215
5.681126730892169
6.669133565013831
6.274451497242415
7.253675541891045
5.8922164862472375
7.453988860871232
7.770427637772613
5.576632771450419
7.9775044865169455
6.1268917080252105
6.533549668334633
5.579032195995929
5.326882114759724
6.008735085566734
7.13375791963202
5.378176702030678
7.853688867776288
5.5446852538282645
6.4792888967919975
6.441946897076956
7.817346254057718
7.435527877250312
6.167423027257797
6.143536368085926
5.505678130736326
7.834474063627745
5.284137157039186
5.647988576120574
7.168001265149931
7.844990115819961
7.433881417159016
6.0804556969371175
5.7375283641781465
7.538616071017795
6.537536272880665
7.893873705743893
6.997839973148569
7.413883694547637
6.1621906875615515
5.540270932759752
7.933139078272557
7.638345631126814
7.840718839443276
7.955201777028337
7.055716363300067
5.555373659366334
7.00221839877808
7.9888188336253885
7.526512713032854
7.795784385844181
6.766210418392419
5.759872427073769
6.875877485388362
7.911497161913969
7.954084406311354
7.970447913089998
5.091582355955999
6.744329243272693
5.240610985701835
7.49952651598147
6.769860190956791
5.757680533664804
7.406428736262124
7.092476282323021
7.922700941258325
5.292259443220849
7.1592478342934545
7.6813567712080415
7.900846204860091
6.159148604317713
6.967099490823825
6.80744033049913
6.7268856166191675
6.154409072666429
7.7912961236497695
7.772630320350327
7.9365694014617585
5.969069772937722
7.519853181758261
5.520477195949525
6.798911376852978
7.57674581836322
7.283958451700753
7.840267545661126
7.526869256374818
7.5082806644474775
5.69066262783492
7.299185869291787
7.800347806885502
6.468702253467083
6.32429867996286
7.337820631887661
7.601984098192099
6.5164343940551355
7.657225194107744
5.213309813979902
7.013632027626213
6.508101808809474
5.7673234659441395
6.942196307787777
5.237677348793112
6.714415355793916
5.985265503183626
5.081584582037216
5.6922721564991505
6.433523825796552
5.788904476267076
7.0924651917909625
5.583291829536828
5.067865429477737
6.92522640218484
6.153095836160776
7.878275337349257
7.488951562646116
6.872136545014271
5.633103069173605
5.098824226692112
6.591664276379015
7.352941846173062
6.000489356061748
7.807892662181336
7.735545963966835
6.68572387903063
6.714006578270784
7.097114949877314
5.285208684988282
7.287885504088978
7.6523783284716655
7.776776715829368
5.695390697069155
5.662989015893652
5.849627671969135
5.337246080357787
6.538333033664667
6.67258872562338
7.7422909962459
7.085644043661558
6.542050259183971
7.840098759700954
6.789570516645411
7.16524186066187
5.097716479737398
7.846821563315016
5.201502870758752
5.437536641741705
6.802786189591876
7.262098738197976
6.60299445718776
6.4481647576402406
7.43361914303307
6.9001311811951105
7.773096515966349
7.9077763118224516
6.287274643702291
5.015353421548809
6.1291673584648905
6.29770184100182
5.0967920663743715
5.836330427852404
5.3745934436078455
7.357706271163645
6.707669357256886
6.694982553369112
7.696511543720395
6.3293342188784845
7.405403779818556
6.23353092759038
6.086501418493772
7.913312093763757
5.204853190641409
7.865889068536411
7.762488316638045
7.953183847768665
5.551828362940081
5.83331500982068
6.294121065151528
6.8798176470469015
6.745723019087777
5.825972734102835
7.876662818168747
7.942631508943982
7.969137362539101
5.242638483431526
7.259955633570385
6.213348301759044
5.1063501976256624
7.730121793857844
5.119294288443548
5.276799039323164
5.547140616542444
5.68205993973138
5.154066988301562
5.420756386211963
5.905862282986859
5.883577322252569
7.917794624802242
5.002990793539734
5.037818766161848
6.463889238907155
5.319723220925926
6.508701363794236
6.905887861342013
5.763264602241833
6.893399434543998
6.6151867323037115
5.739992082392985
5.63384900840269
7.301679094950307
5.353079503722124
7.540409426465559
7.0756835728982015
5.140395523961452
7.194681689100714
5.303068232457871
7.959843439833894
6.914435907787289
7.609896306260589
6.390867744182097
6.90995357777555
6.090247837622363
5.308964573784965
7.239714171067725
6.201427162314444
5.37782213534167
6.038675759483336
6.071361552454701
7.79460582333272
7.862970392957294
7.414930835763783
6.487294223315328
7.343569484636824
7.297240259216135
6.859499442932947
6.738785876506213
5.216716789089765
5.758084380579625
6.262522235902716
5.107919968757052
5.228305688947211
5.015922192591186
7.51477051637488
6.192753322424071
7.911976825841785
5.28750755071325
6.544887629828493
5.9669538370314035
5.767871316559549
7.616538548329706
5.956794916102444
7.280141785101903
6.984287742396395
6.9027187937617605
5.791158700000251
7.979811734001608
7.6729114191199255
5.599504098305951
5.3322743275999
7.069112330471429
5.663482745441907
5.3185404484207845
7.24793364632222
6.2669072569696125
7.379359575827776
6.015323751087944
5.68480488869798
6.007441112560991
6.259762600067495
5.08588423467231
7.245563644386248
7.306581946231075
7.607579923974317
6.578323296871117
5.046474605055298
7.030008884168556
7.623442202556846
6.815802294530807
5.295335282283026
6.925865360864538
6.73736626589724
6.039107659818514
6.039653722672586
5.3302921628512205
7.16860051655519
6.20718890260383
7.91364233220718
5.71890797316112
6.932391790184726
7.843091107871066
6.860071955694645
6.260699231039435
5.269228623024738
6.78047511164789
6.919241207733926
5.232931809526771
7.697703224358633
7.8524433001220775
7.262275629564626
7.57659581428893
7.586468410405306
5.969661783423575
6.699684155896432
7.011541139359425
6.303853247442586
5.658793856031861
6.918559598910441
5.98886252124323
6.635536856560876
7.975032308905805
7.693022411526137
7.335238519712694
6.261264689072155
7.7640409582537835
7.2724662179169295
7.739829761037669
5.650929032425862
6.528891965719881
7.080875352290176
5.248988743117614
5.7784205000150575
6.656605667519283
7.757946691950186
5.667431931145131
7.558493236661662
7.476674568658738
6.4389568313563
6.216674767028282
7.887473087813786
7.560477707222302
6.005277557574238
5.972426166711353
6.6129730676179115
5.825762131806246
7.841155016692085
7.492290116864416
7.670867158880799
7.384394954944205
6.404825809235396
5.65351876313277
6.009609104301504
6.664360455647877
7.663257249204937
6.047710164736071
5.772568878447705
5.148501079806892
6.149757677280387
5.325242841840637
7.528394712075194
6.102774904830384
7.082415198197845
7.64688702169269
5.127496406120003
6.915825015758385
6.628783390941274
7.8834312427623106
7.019578980064949
5.139429669931415
5.018443234507089
7.40631163022401
5.592744193755702
7.005926061478061
5.790032729787613
5.233128682810025
6.289011417756573
7.103974085996715
6.013044383375469
5.931586610212745
5.914196215178089
6.018047961729731
5.847154613700237
7.043786247446628
7.691921440112533
7.079820843476006
7.293056799779002
5.869953646232189
5.212120179164874
6.941126319643233
5.448734082003921
7.246582545251242
6.493726844006383
6.458458479672913
5.013815284722825
6.468619259961328
5.9193384987209585
6.377992493587094
6.182121767007889
6.738715151327877
5.806464506471425
5.527882785174327
6.428721388721289
5.478722599148421
5.8555677775044535
7.661118573982079
7.032768027949085
7.5095058424655114
7.6594379322440815
5.747490608609915
5.481115570446138
6.4947894221717295
6.871522027619636
5.387245722000252
6.170156470607571
5.1531635851687785
6.512674322305067
6.111779598971851
6.064545381440824
6.569514903800025
5.246372743102713
5.648241471327749
6.181430292638257
7.483049114743919
6.271785768547101
5.755198240563381
6.94752339075402
5.693720804657759
7.772159232823002
5.985528207880657
7.623805352873874
5.71228455246908
7.612827939176255
7.700489161012752
7.108868619224717
5.481328579465684
7.208744102913004
6.845427467527318
6.516863471698613
5.415552100199266
6.175749854147268
7.402870134476366
6.979725443141116
7.149194614762322
7.542906376028552
7.062763361941773
6.1458199278025925
6.23692546060074
6.935029433992709
7.49239600633682
5.838353044101701
7.6316487911974455
7.235166623462461
5.650068990330725
6.296858680768294
6.058577687089025
6.806086610855246
7.866845536836618
5.35378005770471
5.419582225826847
5.3879379608691105
5.919740018876669
5.795629575371775
7.095209268127502
6.2960703167600105
5.0374773063746225
6.0244171626182705
7.463926976473241
6.518596501312413
6.716478100997229
6.970000677070201
5.129039814684636
6.757610936770689
5.379997316449782
5.007722866154418
5.233371171946191
6.371064602304552
5.287369236684772
5.408159391061469
6.850208474259583
7.5541331339065705
6.693083255993657
7.587013953850001
5.766154205380456
7.949501506376304
7.066939855785078
6.133157146064612
7.017424450969194
6.195322399251774
5.216808670573293
5.271517088523495
6.305785029802603
6.707694465977208
5.404534538836772
6.064990334081861
7.903713984451972
5.251339228305537
5.0133104619357916
6.27575278044155
5.86052758968821
7.577744348749314
6.011359702600511
6.391311281462692
5.242105278840696
6.604374522873917
7.362044050611475
6.87434716353245
6.776497120523503
5.2716391492489345
6.654536023960805
5.217864244760105
6.636096862841342
7.346140052496583
6.5719696066952515
5.878364877992277
5.16421092545069
7.039310006657171
5.375504309309051
5.619738217394467
5.149752235626271
6.37988786528168
7.363013346246943
6.229256102584596
5.768437696286934
6.816762327539152
6.260128097180743
5.9645322782226415
5.542264334977781
7.5355521468663165
7.71914696315407
5.456512802767072
7.621188831534036
6.447876769654989
7.537836471909625
6.128525469193411
6.361834492881055
5.756607305616962
5.865430199726229
7.495126723855728
6.567695349282205
6.413473065861961
5.537151337196652
6.9769467767247235
6.863708990319531
6.667236252173867
6.771359067071004
5.108943502456298
7.5052149428603325
6.251231064131357
6.774943186150075
5.229436868707631
6.467216736532892
7.578402494991605
7.332863936209597
5.916006654719194
6.924511637197304
7.600062342699077
5.206757582686003
7.581797452345113
7.216652503243457
6.741419729407212
6.135301732066232
7.761984987633047
6.093853376057742
7.552526083469424
5.415558290743812
7.705120284710256
6.460849306166399
6.407612564239759
6.449784953722821
6.937777080154665
7.97536975224755
6.748883389705643
5.2662290203366044
5.493390784810564
6.716282598521985
6.002662935170759
5.8651924459769305
6.487387117997844
5.713614562752132
6.396383664071422
5.3031783187313435
7.680659240167767
7.428552260501613
6.474234261935583
5.70820444442888
7.6021650359748785
7.286176943172845
5.147376003711089
7.918391296862993
6.698873640278499
7.09708364124612
5.621469396141983
5.153706841487735
6.847505676396292
6.656184221154387
7.519840949516843
6.067272026373277
7.397468135793597
5.977893078494594
6.964953902655847
5.677907351984221
7.718099716256966
7.516540757258725
5.293934451035442
7.05961987269532
6.995800239359943
6.329261320581109
5.465739670838404
7.256508414021631
7.767830781141552
5.465746471771802
5.068139719438754
5.703084113664831
5.3895311916457445
7.915157929004741
7.152023013728787
5.460279347290532
7.310412459702222
6.2051386329946645
7.9086189864728285
7.826440310244741
6.682042943769277
6.231261181485609
5.462068921046676
5.350372626830109
5.4368583625923765
5.097400583153474
6.775360193609375
7.960032175346987
6.561985307934039
7.668416933711932
5.861978105152244
5.82572739795896
6.8458802584621266
7.176181759791025
5.15871150103222
5.7007225638005
5.898047241580446
7.578380266786851
5.046888081155036
7.824904218640269
6.73330602273944
5.446671504131911
7.1098981265925865
5.0386978882426385
7.672046420353996
6.95668331152476
5.784203646259726
7.5346944455768075
5.73661348233462
7.0669722436297615
7.599114471420982
7.6734688016721835
6.121429835854263
6.207473411882027
5.207449407700114
5.507848585576803
5.6806721378611735
5.750113981395154
6.884786019977809
6.096411742013759
7.712280087554717
5.2051655327619475
6.11933916555577
6.342267095541384
6.620786946612696
6.476554629180743
7.327594038285682
6.967194782928835
7.31392088716866
6.617752158057343
5.612654911561378
5.323996812675768
5.429138986560019
5.357010642369051
5.832857803994759
5.061431290987827
5.696215170802022
5.2066144724119665
6.067529959630566
7.186377995841633
5.920714792971885
5.235460146706554
7.854866609713101
5.816905436935473
5.220649985368812
6.567678899578581
7.333729259776896
5.887684332638389
6.264819880827398
7.372163842243982
5.646757413192162
6.255713485847086
5.346301745775633
5.52876294731705
5.656521522912534
5.059601138999928
5.178269250451871
7.2965459859851505
5.189529325267616
6.809663908079521
5.321775559964488
5.167953157661025
7.6547358729311235
6.528883636508016
6.146349160198554
5.6697809398699235
6.983791233828678
7.326280839311437
7.184212553596417
5.167860028917992
5.409597810017584
6.064541450630305
5.667643164773513
6.746927160910548
5.637834089992265
7.282754266852836
6.936458511485575
5.97059286469345
6.472937268646593
6.252890432773175
6.268817083005763
7.778453784830807
7.935623774775543
6.98518068820752
7.523488371063305
6.9482986786965
6.353363308343293
6.152817971709118
5.785456050122122
7.441002998780024
6.818305781870561
7.2804381778619565
6.979179236781345
7.554108758818135
7.788998779461553
6.133603679579835
5.1550475807214085
5.137231588683736
5.462817925387164
6.058039138897637
5.864526964823742
6.16833695218428
5.865368630335372
7.047640612206388
5.718204222190537
5.754576622590695
6.391203448106715
5.569305323600927
6.86839856235353
7.104772760584813
5.787036159183653
7.640399467701121
6.774220104736744
6.222787515639171
7.294218168662517
6.341207930280914
7.191915785939889
7.991913598553272
5.861580050109517
7.849980900760931
5.887054274874522
6.960069102726088
7.00282630071537
6.212217427524475
6.08756225044705
6.493979906995476
5.004507010664409
5.398598418988376
5.187835364410628
5.0476795514756425
7.791177934339669
5.767505667229917
5.674108606016221
6.086556558220375
7.8236928279664415
6.828336395123147
6.6699807723384055
7.72282633343119
6.944662388005359
7.200845988180266
7.898449547285011
7.351704401733565
7.09194596793925
5.883526935579677
7.223024531705169
6.529704466046676
7.276630801350775
6.380552373930869
5.2654457149089415
5.007385945440282
5.166287987523974
5.89208873101371
7.901247195326082
6.2185204445670506
5.027381931262523
5.6468041490833345
5.706865259357883
5.636048775749189
7.662543342160506
7.548172501031485
7.673202202980918
5.2323458752082965
7.329005124954458
6.617697881217518
6.710517925886348
6.827210331244151
7.443833283073688
7.248455778784775
6.648231236952704
5.371644474595644
6.1696736055474615
6.031371653800807
5.580675737746475
5.198887789877498
7.731567745413368
6.884432116952025
5.526063632041645
5.976316066891002
7.54098255793215
6.401544338471302
7.450874321184938
5.5127171090350595
7.897527574851117
6.743036946758746
6.765593084520825
7.71510126591992
5.2019251727679485
6.0138144285171276
5.420188211685167
6.847604821964302
5.24563271476661
7.917955059778702
5.718924781565528
6.822191345447036
5.243100622310592
5.540061933666401
6.93407389442344
5.546756115825775
6.841988813385221
6.38395286059047
5.726788140224224
6.370885576750616
7.38474772941854
6.298296892181706
7.280874611304235
7.402923219542277
7.201806509543563
6.636579085981626
7.921407048117277
5.924141497769988
5.692198325782091
5.935298603870632
6.825080620488198
6.296717693761204
5.391786683458961
5.549578412824417
5.232923219614477
6.651860325921299
6.1423434125251735
7.059388894137063
7.348438337281063
7.252830539345762
6.856566221752247
5.852360510376337
7.845465073767555
6.7547525094687995
5.224706409796239
7.100683669146973
7.620002601090424
7.629003783765735
7.027817516044634
5.379869652033468
5.098956473699473
7.784626411858042
6.510717256698763
7.426166049881665
7.066225385560007
6.902597081823886
5.524595149142725
7.997197732862647
6.582758828962005
5.200943715738481
5.8747805529424175
5.486924965172608
6.162174861312205
5.269593414771765
7.503524396292114
6.851284489187545
5.917240878211665
6.253486351572926
5.80073237528334
6.5249035867261505
7.914978866015986
6.020887670120168
5.467424347313153
5.352049264121444
5.469368960811494
5.030977755250394
5.957278714265434
5.116499809851629
7.560585730086068
7.410701359183584
7.590960120637136
7.035297154196861
6.998412117060504
7.265501896143548
7.9760095608340755
7.5803644369504415
6.344937339744906
6.481967768753917
5.371917533850026
5.209744484481875
5.977856189114548
6.232565316367124
7.115582460052085
5.026739558052236
5.01064713988421
5.0635310051085005
5.166694232375398
7.04050606735367
7.089619407105837
6.836644572146678
7.245669583841098
5.575680840854252
5.3602772655535675
5.904002846768103
5.918600350331054
7.471389035856953
7.136664504242807
6.722062909894322
6.3342613129637435
7.021508437372419
7.017308778562166
5.657120797154681
7.137563711019415
6.138336176204374
6.370100493598072
5.999041138351072
5.371920581335434
7.970829392645769
5.255898415710208
7.18345172295118
5.939832305809981
5.176363393884365
7.976867742206418
6.92476462949444
7.416581755192137
6.231475435588347
5.5205156239703586
5.383284268147457
5.706267606010744
7.572334215581817
5.224100615119431
7.629311923660953
7.192487786112878
5.979700445589916
5.0065538926328434
6.5255537366706395
5.66782374871628
6.465915536693908
7.506260542727733
6.726287564486212
5.4268591198507
7.982980424427746
6.4230097330514315
6.787644086447187
7.476804966587072
7.551058343660953
7.29113465571534
6.398003320359429
7.857888211729539
5.905760781180868
6.808323383059157
6.470909364338734
6.572495743754228
7.480347062101028
6.7107921927566325
5.295051379119943
5.597653912871692
6.475493737357335
7.02047519018804
5.106759783592548
5.8997572524464985
7.924561237616515
7.293593579451274
6.340113739747865
6.2835483486675585
5.036310324649751
7.272430297898441
7.418154929710827
6.2891839490367065
7.689793446130469
5.083345121215045
5.275850828982831
6.201811470173731
7.76766993899178
5.834027310036434
7.8513490505105485
6.557413682938808
6.044467028862257
7.141694096863227
7.546713633678227
7.316765743388918
6.595332348014015
6.771402596599924
6.142730893926345
5.136185979363691
6.158597571152091
5.179856457997026
7.85452289091492
6.889345598300254
5.5719946461853365
7.345045536052298
5.135603116383324
7.788740843536514
5.3076417872991515
7.815772613833655
5.477659112591819
5.1185147061464855
6.254937719461996
5.437577631313606
5.8117438817545235
7.722153216770298
7.243277440050276
5.702783707756248
6.193707142979463
7.989165773845815
7.358025719558959
5.132349610025749
6.2525954278607525
7.1541960354955965
5.883458202773049
5.525922725285406
7.395399227119656
6.260095231130912
5.705402506168694
5.3139502285326365
5.994922466396663
6.143325615481194
7.224087338819453
5.611914203204768
5.739699908577744
5.275648192242856
7.264228087855381
7.91172010786083
5.995784589743784
5.240384078133314
7.124653502616885
5.648976186638433
7.419877114410127
7.034625955967805
6.783799846964161
5.15736514815607
7.171666735196663
6.270610685913667
5.370172961675777
5.76251795794347
6.900402410577524
5.700050732964182
6.3184018251425655
7.977762335771149
5.226610650717072
5.3045582119235775
5.1617814769954
7.942827921822804
5.704525031535702
7.4833809593995015
5.661225178433106
7.394052690626207
7.234191792722011
5.626505875418403
7.938320163408862
6.570844567024698
5.5943625107720125
5.586771192940629
6.466704889025257
7.548114100981685
6.188185248220979
7.258964409505904
5.181258187369233
6.538104911385856
7.233352717185133
6.636970017171848
6.588615194425303
5.727508636782816
6.486764418904274
5.35186535158636
5.605297406028781
6.20696386467443
7.17091001231762
7.794449928132751
6.911268575263101
5.509997334585051
5.0650758136286065
6.495029787511943
7.887001156912756
6.207178401899904
7.739129953359088
7.471362964326483
5.701160874252961
5.898717246384978
7.641034424509271
6.762509556444564
6.833792145577491
6.81495013800831
7.201386083944049
7.341915629207246
7.256407633396856
6.069113141869102
7.2891828766029825
5.04739442630558
7.645662646382651
5.41052026368499
7.242662634165212
6.078757292180692
6.381314065484956
6.09871885757072
6.307458580521452
5.9956796549563185
5.671940779125081
6.260410321424651
6.641466336550135
6.9989751924430195
6.96342354581602
5.800881062426861
7.0917118320906365
6.5977872011336425
6.8154567248645925
7.620402893349621
7.713162542878295
5.553290298747619
7.6803876436897
7.533520321466842
6.482819513078863
6.246334665003381
5.486452576633924
6.9053557022878165
5.864577351019757
7.342047484701219
5.614001707875321
5.604021713034309
7.801237851198795
5.818745200004122
5.758579621307973
5.421942951722147
5.3497112172451535
5.091594071512693
6.298749807920179
5.64134999303306
5.533837351136261
7.093293034637714
7.12932690478675
6.91041760728856
6.0664072160513784
5.774640130741275
5.482202486708363
7.056483059165201
6.387864986488079
6.557177063568031
6.037224317973581
7.8914886913036115
5.983817120723281
7.808194755429499
7.624611819037156
5.462255959387688
7.176875758533512
5.41521779488486
5.038164882717473
5.564406689501717
7.5405100536494665
6.012671178077572
5.915046046979686
6.673711231564326
6.753478912887143
7.357769822321801
7.293188782297181
7.752351342628671
5.103066723150264
6.765755770858963
5.331409605553651
5.660048064408416
6.953741389344407
6.396445221043759
7.770074150891985
6.141215793789504
6.325003526449404
6.5346333818507745
6.021690384781718
7.569264077388122
6.268093192470546
6.826239745220294
5.311077457189402
6.807879866630565
5.995869602602699
7.720163975623484
6.033779125241971
6.696584109587786
5.703577370002891
7.122657650683466
6.469167624856874
5.784067316971838
5.720361182070474
5.496603054315376
5.171204111946798
5.017769122293277
5.052289532486448
6.332426775017312
7.765097462635154
5.151879900024597
5.517296786133643
6.080460626370544
7.502125460151562
5.658399270018471
7.530849981192274
5.266399676025844
6.7676563456147605
6.917103073458662
5.178297287564025
5.612092204894183
5.798932090876208
7.4202250270519094
6.505751835468437
5.553232706795832
6.1494477875084295
6.656375843178256
5.976013469327414
6.583615105237348
6.9357856673894185
6.235679507819324
6.769429947657169
7.362438403618224
5.620535420797866
6.684319326201537
7.061746679703633
5.496744619000244
5.021455104528537
7.171646784562484
7.581893572044921
7.355403355557073
7.392302075099552
6.236717543331204
6.642304706512034
6.184143088197073
7.794785229200858
6.353578737133032
7.442766614854013
5.172967133095496
7.573864107171701
7.9158443231072475
6.775937462998315
5.977875853274467
6.560143539215643
7.931054947829109
7.308579616384912
6.518154064667947
6.653386231700642
5.394029807377513
6.377195748009917
7.658568149258389
5.690188661144207
6.955879628936666
7.720156510006885
5.642653147935661
6.966639743896199
5.121560417625387
6.7705576506641405
5.868856320224517
6.473304432005677
7.793808151301723
5.0549410914169846
5.795639248070832
7.8051484666129465
6.5350062864803515
6.882665258639232
5.424727091090866
5.8330433172344955
7.440998435644743
7.869105281740252
7.9435289700082965
6.566265201268193
7.012069499460652
7.913015994423393
6.7083390492386155
5.196922575637192
5.866279752591649
5.0442845872776605
6.819265720386549
6.097523976398463
5.5690470843185915
6.0729528703291376
5.075919382055899
7.541917487291528
7.250333276711248
7.203783442971709
7.109727368488613
5.1376100461108996
7.047002428313839
6.73279595259943
6.9643304922971225
5.3939950774472925
6.742878125175892
7.613094613050392
7.339849747855291
6.506293088733539
5.282739485468329
7.066960465351865
6.129899693814745
5.3090318700708785
6.10895622050675
6.529576207637386
7.762060547820167
6.445665848493512
5.5106720906719335
6.036903802335603
5.203105469617243
6.112459931107368
6.385410490331515
6.716130198216543
6.309617350728937
7.2650332011405805
5.9916836591138605
5.301746676081592
6.492714902969957
7.924984757453987
7.41864922952583
5.58372637071813
7.422442374787418
6.191794623952506
6.615070101999032
7.396410426551691
7.722965383512911
6.751718221186816
5.904791025907551
7.177614861507427
6.3040493546814576
7.080664268728712
7.9696604547134475
6.267115875329383
6.137384327394376
5.162071488490852
5.3032838124626345
5.972071729133191
7.918154963450888
6.383571685263965
7.130207579011188
5.00408661917562
6.15284097451916
7.337750117006924
6.745091933181676
6.188520863578789
5.783569246635861
7.532588265626465
6.155144575325904
6.361300293797948
5.497423934855191
6.516196943949561
7.806544405506295
6.101875903562548
5.37595865682002
7.638221585014135
5.041799199724228
6.403132646257964
7.51573803280729
6.606824454619255
6.769939048775343
6.549946648272416
6.695075243167425
6.155422508347816
5.635160513444211
7.36773635989158
6.075214367470866
6.507382355421916
7.741995460504469
7.610752583549654
5.3060460087607835
7.919648467720989
5.73629164650988
6.587000878326922
7.25702738364361
5.397802420998584
7.751250816985019
6.162588299479282
5.913316102096627
5.70532637170496
5.406482433978476
6.05293425605287
5.765212446724794
7.038865601970715
7.695492396457197
7.7916840676024925
7.275839386158389
6.209059602161004
6.213235158110921
6.97031290214349
5.737578185766854
7.8530345134359525
5.760320778991757
7.262304991252531
5.022110565513081
5.109922000764881
5.914177982036516
5.385441920972008
5.392006628422275
5.314795150780894
7.6799362578788815
6.514133360685495
5.673632124279913
6.609183144432998
6.82499915174027
5.730869793104062
6.691735503809167
6.927851735256716
7.96124440596353
7.901777335934909
6.93541041187871
6.601808728277057
5.86749576963286
6.875902089508947
6.963216206425129
5.816518155904559
7.94237201297317
5.141249806750562
5.062073883537328
6.382079215337636
7.0438315352843865
6.022756375304907
5.1501412383392475
6.708650200849166
5.306689314925418
7.1782608431231125
6.858207854817664
7.5356711752205605
7.833096295457059
6.53820364437769
5.137234466329627
6.837461843382021
7.423430737489883
7.94316881510074
6.621499380636494
5.420544895569615
7.756261866073174
7.56053926810287
5.327398927617715
5.039569619390282
7.636009023859876
7.707431784908276
6.087285835729752
5.388981369746685
7.105627348233138
7.971726541985247
6.4058148279628355
5.076608920346281
5.3691154830983425
6.506405032386036
6.18310105290567
5.653113339888217
6.5848481997542185
7.074558562710056
6.974582219899013
6.957765545509919
7.675701073051494
7.843327367290668
5.151812752497566
5.446293923392201
7.355642351400014
6.064680021852591
5.49150174248499
7.7905667622418076
7.594931031442737
5.639339653135371
5.351945275823905
7.882645915030873
5.7372675175126115
6.137313598209123
6.6965873068525035
7.437275195727739
7.442208238626979
6.144380230120317
7.793780663162413
5.667136075054322
7.554862967865654
5.818535418370403
7.45990462301376
6.00422999817802
5.90235715389995
5.273800773589322
7.219832692542895
7.558518635419024
6.882750156319497
6.86094178645729
6.734328848716165
7.941477478863419
6.547064022932694
7.585545465072514
7.288287121031241
5.23749030049798
6.678785271930956
5.793552211433343
7.046815814598797
6.280037366135378
7.147665712315951
5.862738420510803
7.168001917794786
5.982402293159254
6.555857862229692
5.965791894038806
5.711779815866002
5.284146100481282
7.904381505328297
6.0165224091840654
7.603661200008107
5.30487152140391
6.686629555438609
7.675397606525493
7.700172268270451
5.545822100416621
5.4630817124794815
5.77399266800002
7.25967717497949
5.447636081174011
5.587605623190603
6.720090686030526
5.847855000931983
5.299097015418654
6.340686246300523
7.366069850494101
5.901432659618307
6.396997595204781
6.278634416347412
5.462860560678387
6.836861120328304
6.481255650177465
7.13028779624295
7.180155624624659
7.722459620562361
7.812195134145016
7.0639272590106845
5.250703490374138
5.133138447329697
5.818429311976514
6.607092596696562
5.092414757548102
6.876145434367522
7.02405386802034
7.930693721572352
6.776658890845381
5.814368439262058
5.962885779568632
7.606272731084102
7.944527357920534
7.020562556947879
6.005252054324588
7.311484701432203
6.724988392282413
5.971454324821122
7.4593599077520665
6.293824194388015
5.379755180965686
7.435014307497092
7.964551187194526
6.706338209878004
6.789340381113764
7.117272637871485
6.067768311881726
6.201523517128845
5.003165465690057
6.016890243256733
5.967331505793459
5.410821120770522
6.903744215141643
5.7862817661945884
5.719652168871924
5.147077866054455
7.580856544761174
7.217426043184757
5.734777932228113
7.346060237258595
6.276277866402891
6.258580874204791
7.135692048312385
5.9105612680974176
7.743028271746778
5.72496041576498
5.524059419435278
5.736857653250735
6.565252399669
7.092013508601731
7.88163789383238
6.288231403473179
7.405741796803524
7.454283524327607
6.741845594720305
5.133982491819138
6.287757689151287
6.895909447143764
5.389998358907403
5.894820665008234
5.8762119366786445
6.150670674467499
6.693505132247158
6.026734198428222
6.300412311938231
6.53005813838576
7.22483344425771
7.835394968445983
6.356475664284795
5.667194304066996
6.620328153188431
7.0418704769919955
7.942162087786276
6.662508119580526
5.616993545797767
6.117873809653854
7.310281327167791
7.723908802820948
5.927118092663427
5.47499350438217
7.1789705837707105
6.369785917049311
6.047149374376008
7.427306551046061
7.908041740147837
5.707502118192194
5.252495354524455
7.650488696033624
6.840245360513947
6.213127899799251
5.4039557445052235
7.632996890875389
6.5146945768116264
7.820006327762235
5.784257544918905
7.35610932299303
6.786844105512249
7.9743190600797895
7.994693983895642
6.149570877687994
7.935314657999159
5.635163168913866
7.972139432701729
5.3483007389671755
7.600503782077711
6.9847327504494725
6.435735268087012
7.023081295312528
7.883321271389993
5.871036281127402
7.540316466500991
5.674358344731242
7.1345368723613305
6.7311647922516045
5.200170503709689
7.363242283110895
7.886124606242712
6.937465190702365
5.451995912932494
6.307512668473948
6.0156389829127965
5.172055202759219
6.349948505877484
7.492888246207736
6.59305463855802
6.566954424863438
7.228438976379615
5.341035532977653
5.9366503042691665
7.947692855785887
6.729867981483572
5.935750853370713
7.200416751884903
7.587590929867962
5.774757987186067
5.737460799969013
6.3301158412285705
7.417995048973535
5.650765801509696
6.11364712672685
6.4585172725780815
7.646584677640497
5.614831862215536
5.3790137742970074
5.762487598205115
5.211456644353289
7.839246068291578
5.3741733374083935
6.475503540002331
7.4430250320546785
6.187684572826427
7.915342735922188
6.13881289871364
6.718862834102506
7.181293287865236
6.719997733665203
7.28286081877395
6.778447602925713
6.6076693101255985
6.654646615318729
6.557751688104369
6.715357940568081
6.53711359454355
7.360846480261006
7.877411545252887
6.483804672923805
5.040802434348811
5.494292347328371
7.406767870314056
7.04446611297028
6.654547941344816
5.959275902745748
5.2046591483205855
5.031433187864369
5.5995918428333145
6.637015449681247
7.037337058367068
6.047655234621837
5.958400510518651
5.191325214255705
5.29832124375306
6.390614177896289
7.408701585904356
6.588798456458049
7.110015901151729
5.173040014835278
5.7430267718810155
7.993143466634084
7.540895403349155
5.435317175360982
5.243798862707752
6.6845197468801185
7.449215209743171
6.946816361664172
7.0455241526311045
6.614684121212845
7.760101247591638
7.962723295677859
7.895924846330707
6.137467332646715
7.99752202344627
6.24102151208456
7.226869768713599
6.351561539841981
6.626042979422507
5.131121239932922
6.163734866745947
6.3588115076622795
6.209413710547851
7.521214273288212
5.038348695489084
6.57616254563786
7.563935772634
5.875769103215142
6.12595085378462
5.043128889364461
5.974207388757162
5.5076672365401445
5.7006163113547395
6.439107421092071
7.147239931291056
6.611316761467412
7.096369624071478
7.266073431876343
6.908089615518381
5.433667038356168
6.272738884982076
7.362153694178053
5.686046345445387
6.279381609138005
5.413771277584013
6.5902865155105435
6.6050689849736255
6.834514910432533
5.3385556939446746
6.193636029565106
6.47555731601912
7.5498723980475955
6.969071578341749
6.925640731723746
7.186695888856258
7.5508212908540155
6.787707001864892
6.647537386068128
5.9195066093943085
5.734653569778171
5.12206104261716
6.639910965616005
6.240393352142224
7.37968930846282
6.218670980686824
5.3972837516143075
7.493361361723013
6.722145569606357
7.410075883223682
5.165966523355491
6.986241971393406
6.557379549458405
6.241153972259699
5.9453566557302
6.262151638095835
7.991453288418326
6.200943108589221
6.101577750160794
5.26206382774566
7.007050985165813
5.705177153487266
6.139817670728496
5.41776908194127
6.514617427724827
5.192545260446746
6.54793144501501
7.666647977792385
7.0351711629466305
7.634204110986046
7.958837916955579
7.050580437441997
5.105581984745365
7.41134644064984
5.182948271874573
6.950961969633235
7.910189399251304
7.389652456563238
5.934327073851835
7.120197983837544
7.524471915072585
6.112225312110493
5.315496361788329
6.497192903760215
6.507067261429267
7.34413347536711
7.335754889834049
7.340252284419803
5.39577441575504
5.731957819602346
7.91659468566945
6.475462061367667
5.951259384391617
6.090763809738564
5.985259625696634
6.442009356146072
5.749018087475112
7.798693192011215
5.373699565121232
6.018056195075325
7.945739109908445
6.965892164788329
6.325136581003254
6.031677193289525
7.740543083384094
5.449767826970655
5.464168951591214
7.50102001874099
5.214661838173388
7.4125859551499165
6.108800981703336
7.006245248618461
5.864956659733409
6.960200015967368
7.793997103647218
6.772953147814176
5.247260735879699
6.462220320139211
5.836318713721193
6.242699637405322
7.714866989994829
7.434209864985071
5.697914851443279
7.9208555128172575
6.275567802199102
5.361514270308655
5.805598219627364
7.0254593888409165
7.09749017169872
5.562107391123349
6.346947295858085
5.9128644750537
6.169554601631598
7.122357577269211
6.400338808927469
6.426876174878714
7.066723086517495
7.094893574943216
5.559524556057015
7.207728315330412
5.683286134504086
6.52177131457349
6.985826799180147
7.605641745849311
5.1792765734367245
5.438917237217195
7.56223846349225
6.170858989517696
7.235681550588927
7.829346980286015
5.533675520790344
6.737947089843603
7.0334623578520645
5.522931737524682
6.696338379752187
6.886808173533312
5.159475601303389
6.289507176089187
7.846601563814396
7.046236718190302
5.899227235309537
7.839895592716192
7.81606129380055
6.708010586809479
6.101974468905913
5.135931857129565
5.00433126561469
5.140401535232798
7.998029182073127
5.315860632707661
6.874888504298501
5.629638192146217
5.01119993520534
5.665493730950018
7.401731449377498
6.636255192297705
6.74114788540885
7.408290428172137
6.945823841384485
7.3304085681059075
7.891015327033348
7.6490468867675965
5.500258479386969
5.766136288824742
7.985024522231456
7.5861547757089784
7.671786381805585
5.469192415308671
7.258827268051515
7.106412076980492
7.163817787874337
5.446480717053254
5.1122240166103845
6.094142282153937
5.892211382429363
6.57726203992025
5.989456562384495
6.222902754515671
5.200130286268202
5.017208636650506
7.496613151917931
5.653335023119118
6.941954062410581
6.636026870927351
5.978772798444286
5.934734729107013
5.4786964522086805
6.617768431075505
7.661349578607334
6.500690111393926
7.868589042620345
7.180097698029909
7.8106854396435565
6.46066477546132
6.7464543486891255
7.914682646153562
7.1882739534648925
6.919670339804927
7.56419920089418
7.515524546806437
5.361085655086838
5.807200363498055
7.0122236854409445
6.645438910855843
6.187299737233772
7.164369382366225
6.557748875122011
6.393051822583434
5.022332975690354
5.024725016605713
7.121030502544581
7.193569700820289
5.884394696944695
6.429473472449121
7.9641334963559425
5.226233829173928
6.981879397142122
5.741883233888296
6.889405905134993
5.1597650845470175
5.636747008174022
7.268404974747458
7.836000472200084
5.694255567965428
6.73862611038845
7.255568208295498
7.92275251276323
7.64386184341796
6.433710338840541
6.611990417967896
5.914435213149426
7.319301096507898
6.790605726927638
5.203856075444414
7.985872924000407
6.70255281490124
6.692121592072441
7.289997399193147
5.524604998726534
5.358314508544229
5.177583726733757
6.599231512000035
5.547753122238186
7.197660006552227
6.904584818037855
6.707883664454917
5.11245567131839
5.098996596944773
6.312173091326699
7.7494464738208
6.871695190327275
6.999815754854863
7.449315173436126
7.081102664705858
5.668553653396504
6.399881166253089
7.283056363901418
5.343358032675323
7.771893131726018
5.262395185942555
5.620136818522785
5.379308824672044
5.035168790112679
6.064334525691024
6.563907735576295
6.729087258198728
6.907544668233861
7.230543648745206
7.685228295089273
5.882806309685225
7.842689328311219
6.38832224108898
7.811609913763627
6.161844008659384
6.235594264844978
6.800143651650954
6.533209297622147
6.0035855785082415
5.571465182150494
6.971786609534302
7.187359422254026
5.548760761846787
5.993199380078936
6.791564056807779
5.21516222460058
5.773290724941872
7.9851719363134785
5.633478778741401
7.384252965602252
5.968079701450852
5.331015527599799
5.653035951394848
5.441182802136551
5.150461918578263
6.931789211253354
5.0190893102127045
6.29495063082176
7.990036436112538
5.468391991018343
6.058498553485767
6.8400533680821685
5.0493965062827355
6.258288188386678
7.242520594103976
5.003007553147082
5.576784231239933
6.991573665930103
5.614759460074923
6.540632237090605
7.7429723918651305
6.335120556223963
6.650145205435732
5.531469349484745
7.088702555452831
5.666001653394856
5.642812125502497
7.3835528912173025
7.041777590798623
6.436604368254162
6.547894123654381
5.532324220361148
6.67443384410165
6.883806894267964
5.748155079014991
7.821827780004148
7.401889868019802
7.9732988724072325
5.481017720542477
6.85040583934577
7.071991678226702
7.6175902061966685
6.644956373193917
7.3189486641422015
6.8636497968743955
5.322463244117723
7.406364399606611
7.645340489551675
6.5982845719763095
6.501582945636498
5.448907079085465
7.803079247780571
5.473771348408125
5.7526925568628435
5.847019724887123
5.505132901467817
7.854399438567718
7.411281589645697
7.40360693978418
7.485932011225293
5.59313355023274
6.688824648148677
6.869150274117634
6.734983156489774
7.423987609056514
6.6626504374610835
6.755327317056274
5.104924475005721
7.242597212408011
6.313211460687155
6.470895925896506
7.754930250342215
7.592097719867665
5.701985391337091
7.240993805148074
6.39720767877024
5.389190103107531
7.249449746083256
6.723153899376833
5.289914300780157
7.861799438589255
7.907534067183304
6.404232774647332
7.364161144863884
5.825004593860855
6.824662810876983
5.752099083151498
5.785852345561781
6.795940980525756
6.873963875729453
6.704326209847917
7.634947758250215
5.041151537119432
7.15642928749496
5.4032835471568195
5.235321123239589
6.461385167822887
7.300773928250216
6.132917068477086
5.987722586760869
6.249114060662735
7.06045107934273
6.177159796623052
7.346440061678583
6.5030667824952335
6.355742921668854
5.80331089069214
5.837089229797303
6.451844661612436
7.5250551438398805
7.775870505433085
7.738549453821884
5.625215764002977
5.134507851243635
6.727215550929513
5.246397294785078
7.216950379806367
6.248622089643496
7.351150070228563
7.598276039784109
5.007089695612928
6.587366532670533
7.743764097202134
6.773475327112694
6.554308382768266
5.4860361848068395
6.293179537982442
6.979581086551633
5.930558945547883
5.034398178309133
5.315664247808758
5.208392055247806
5.050456898487228
7.200249997987939
7.150240896577741
6.681383966681007
6.646889315319235
6.139995523455278
5.657317456042596
5.0118406120389825
6.162104878774738
6.265057397737022
7.019012974015482
6.386354874411447
7.2600641530871375
5.967902188573829
6.409752655133124
6.012738973875453
6.321103742439526
5.215168824881508
6.495353125300489
5.494471356963308
5.153991834974981
5.487849421615632
7.827217392842722
7.673640094070668
7.253225184545147
5.789682987720561
6.025408897229606
7.8349313383135435
6.240940594534272
5.654885571055894
6.190270238606235
7.982546380301882
5.663089630336348
5.2650473974812275
7.246902531378197
5.190016575612606
6.058545329237354
6.932492277315882
6.910218714905277
6.77972138897451
6.187587286090593
5.323603346611382
7.6604328754891196
5.314501348949238
6.492729906464257
7.880580800260383
5.539746211082283
6.078092961660424
5.270137550123137
5.953807725009755
7.720638256464036
5.88419869295047
5.653888770846669
7.179462626895017
5.654571348975168
6.6858413693829135
5.358128982071188
5.628225555684157
5.187063432298029
5.557238501536708
7.183671710711441
5.210888156935452
5.320983996185076
7.18976630991784
5.575884319636243
5.755387813057115
6.324575450206663
6.08167207184512
6.019715026693087
5.067246559840772
7.61410141870982
6.108026346235501
5.775494238476857
6.151607488988628
6.293171193010343
5.1329949823013745
7.39566374256862
7.610021383293975
6.401688522886335
5.770844787714889
7.617863472712999
6.028847732127784
5.817021061045495
7.315184234309178
7.603827408480233
7.948595073777094
7.3583855666160325
5.23777562460662
6.086313058789466
7.744736344415708
5.97259199635051
6.508841440778953
6.797814874206612
7.460496475133876
6.925187803906449
6.310123182100084
7.58508243191823
6.31081958863364
7.685694005823343
7.500037432171569
7.862489889744404
5.224184801043595
5.679019615688631
6.447109395043731
6.525075339012867
5.405150015501725
7.277293591264379
5.573450577368523
7.1285927991019316
5.4854643484646495
7.32724823914414
7.144382302618835
6.049192872651836
5.3853011077601245
7.147938533574093
5.503394078285768
7.459371324505486
6.528622755067511
6.291980073184243
7.083459909884786
7.299598282887763
5.547902935647939
7.4406362990803006
6.126324379080408
6.986564566981475
6.0733877159161835
6.598983308858912
7.110702277888801
6.379255507983251
6.630793163481768
5.272031834017289
6.428425926515695
7.5230834216804325
5.068794761252056
7.536080689352624
6.854406682162077
5.910087846677961
6.303875433630438
7.871726903372891
5.831865115237561
6.42973173507183
7.505060943584109
6.295856483620745
6.538619170681861
6.8400977966460825
5.144781143968335
6.719585153152164
5.1133071122579405
5.463311916465768
5.6145573265119815
5.567521143047348
7.30225541651993
6.90179374414145
5.345426533345197
7.520867041578728
6.138290338999619
7.883458325162113
6.5829743411748805
5.792777389902111
7.082126230265455
5.874266205870073
6.145559638291562
7.609038304192374
6.345050673520751
5.84554234684882
7.641773953284749
7.550531274032384
7.868460336870094
6.551258078741519
6.739391024802747
5.116094690204261
5.661391157102149
5.856993441674908
7.163021834918707
5.285292415954649
5.891518060919182
7.067571710297631
7.151401271446911
5.000248713780299
5.288188932539347
5.824378937681009
5.127694311043635
5.344107263354097
6.047890827206254
7.98615793837404
7.327420024061464
5.770819794157792
5.533134728935985
5.968587187289061
7.088552447933475
6.036868170996819
6.6250788465654935
7.298229219888911
5.43706921830377
5.5001736400246415
7.628297894389784
7.635457419327632
7.498678120507343
7.184843181595196
6.132941513859734
5.238741930259192
6.133665223265195
6.462553347301533
7.215110391469616
5.7792001666869615
7.026765610391342
6.372269518796662
6.800614430348789
5.5695907356497765
5.26767310591146
7.489646344672293
6.9303648355869125
5.645951758542388
5.230261895351536
5.865855066339403
5.047485900955097
6.732859694872706
5.299806942543906
6.882730751238183
7.276818940628067
7.9348071819233565
6.707450143025863
6.917030866896894
7.9868279585902915
7.026472300237879
5.409869488803356
6.471245705324409
7.712000401419195
6.463674376883571
7.599569904878578
7.9117993840414265
7.770674207266152
6.704586120000756
7.0474260955360535
5.157628088875786
5.638806879619333
7.117294292401236
5.064067115145292
5.583021314979365
5.3345395138017775
5.655074452874185
7.42040499740107
7.038260318228548
5.731493625046716
5.604770236651522
7.0900690223693115
5.249985272805189
7.850574622161419
5.0564388467587795
5.167719599146125
6.9403729444480025
7.780643242572026
6.30394993235879
5.777176197172471
7.800103729424098
5.9477492673716
7.166497015574425
7.212004193527214
6.964745415266252
7.990711231818632
6.22000477199561
6.948666855619875
7.877579917869823
6.507658450025609
5.1451891793329105
5.5385597416273935
7.3740486747544685
7.413740759271798
6.835549437666935
5.720205977097856
5.49388740878681
5.5945443530886685
6.5638467578372275
7.39660050134957
5.916674182109729
6.952840670016528
6.379645464025067
5.395153986677993
7.024908646777085
5.828128941991457
6.003267448975912
5.16889744193467
7.425892109269485
5.119020668092583
6.793033630137899
6.807568084383522
7.3095742731396545
6.2578497520770355
5.89293975028004
6.905911264288544
7.2841827399401495
6.474976756264946
7.416937126978888
6.983990074909583
5.3148477996186605
7.547093882037126
5.49376178172572
6.270508796850008
6.092585550836965
7.449421378288301
6.182781124068763
7.7451148754489605
7.581899359586171
7.026022630347545
7.676596864952632
5.389356592611777
5.634908544858427
7.955551823850408
5.8301710172135195
5.618433041084716
7.418312006040498
6.921581994504425
6.89901060512276
6.857085832302801
5.976642339344181
7.997250378148028
5.430474064447303
7.182940926607833
6.551164618122046
5.823290866574017
6.532532936418267
5.889321532329334
6.288422853188948
6.196610290370331
6.24334765324963
6.717012830049625
5.705834997286265
7.193403061279096
6.442788692760319
5.370670721276771
6.733885821912091
5.926380931284777
7.683558079131098
7.770528222696992
5.325366700745702
7.480034585451663
7.474840321210002
5.293762471810883
6.511757006807144
5.480926415366021
5.925433548043619
6.032348343825041
7.395243975631642
5.141851681577982
5.246087439571998
5.835434071800884
5.892022556616711
6.469291080014598
5.422295528578481
7.614235421377351
7.088418095618183
6.6429122389079005
6.399065492205872
7.066157048517383
5.836021934993829
6.363965717326355
6.368211384097307
7.6223085956627115
5.695428278816948
6.2262550096191855
5.216488674952244
7.038796458009748
5.540308878023595
7.888947839200636
6.8794129248492855
7.637130366092178
5.054462656804198
7.024830005819783
6.250879852565279
6.752797712309475
7.994122236272592
6.680690832373095
5.422724100792377
7.47351698982475
7.446201065428823
7.818364045492123
5.371131946654732
7.239894200101878
5.390311830363807
6.405534278332789
7.7683417375643975
6.341166764104218
6.668284523765968
6.494755024328102
7.378344031619102
5.76742954882962
6.979563074442612
6.2672104511715805
7.4943129163013
7.27719995643163
7.7542553399837075
6.024588725096636
6.093276102483029
7.905388655588333
7.707762791970747
5.588020318857387
5.820053190321167
7.471704247300681
5.551810587072044
6.507372166175516
6.567766266210553
6.953230954798215
6.726351699298002
7.897272161081258
5.296248725281223
5.85737898025391
6.125213580105669
6.598076742095936
7.8224540745382285
5.972619222997421
5.615505914393301
7.710577894957403
5.628486756992014
6.084372642780544
7.6967069250041895
5.372585180083145
6.2631539063618895
5.422138931011324
6.90999213917045
6.933599350008233
6.661957520551304
5.751406626944724
5.591770675225909
5.440636258345582
5.678221737741453
6.140100259201134
7.26753974450817
6.573839427251346
6.304572201444047
5.51427962620972
5.403069233414097
6.864860796005919
5.469259453426714
6.171517897804663
7.369573847606136
7.1940713896488875
5.915839548180872
6.442846007919506
5.337931450853252
6.194502301632793
5.517500462651623
6.68536157508719
7.394152722535365
7.290999899983468
6.438845898287179
6.747562048516743
5.464206645332875
6.672417198426393
6.83821985667857
6.978171697707703
5.650954013604262
7.532747925138995
6.302681994822719
6.746694197972978
6.319341236145414
7.42394669426393
5.925513519040693
5.310132844852817
6.718152399494685
5.538763100498836
6.872660115897963
7.69528162883295
5.09751923090597
6.186255862858653
5.439789493018946
5.069700282854607
7.171033781286371
5.635736891128746
7.975665676678119
5.846949493874734
7.379710346498996
5.8867319818867045
7.640315682025831
5.512871638347619
5.7421884858618775
5.773131283395781
6.777986803989333
7.869663471406993
7.12146978115055
7.12903735905935
5.715167254487757
5.073199231957425
7.503128177830777
5.531905829600568
5.042965528927886
7.486522268074216
5.363332771730835
5.395409071974484
6.910917627732222
6.988635143520767
7.40716961966578
7.9100389522597325
6.545814701083946
7.962679261688235
6.878648735596512
6.523800785669724
5.114417140079309
5.741303952036108
5.283429503802932
6.318437828182517
5.17294429213244
7.809489484570346
6.723697661690989
5.768458738434874
7.289002816257074
5.55629609306256
6.121773742267728
5.970829842557014
6.983140275981172
5.826973420494931
6.404933125529043
5.502527126861272
5.917482776546798
5.9555764861933715
5.23856492348923
6.601230179059183
7.257940803760631
7.3556932122219205
7.128195598612368
6.371276210031629
6.3542393876816625
7.113101442377158
6.663052417099365
6.192578200923954
6.318552525569485
5.359133624426899
6.34473946577752
6.454546061598463
5.73879526469836
7.507237408477732
6.834247517626751
5.150137658378172
7.636651307873629
6.707682755519158
